27
-818.128713  -999.990300
490.216146  -999.771518
989.831587  -999.379752
991.622557  -998.731272
997.082341  -989.796539
998.243400  -963.413313
999.769874  -626.869249
999.627913  -46.914743
999.511188  299.885491
999.453567  464.240215
999.194999  780.572468
999.048935  932.654225
998.120881  989.971227
993.343765  997.557231
969.302973  998.010553
944.309013  998.471475
444.994747  999.892131
-630.438152  999.803975
-767.021074  999.734993
-999.234570  998.506737
-999.673810  768.908503
-999.884488  549.936902
-999.949269  -580.209730
-999.204787  -994.842488
-985.217566  -996.679338
-960.128484  -998.443859
-940.556259  -999.534448
