128
-6.71747 -4.588944
-0.177748 -14.815666
1.288651 9.237906
-16.516755 -17.830087
-8.020991 8.098475
1.00271 6.371592
16.75407 -4.981736
11.984561 17.762605
-9.353782 -9.293982
-12.706141 -18.420057
1.782522 -12.517028
14.787325 -18.254103
5.810463 7.211954
-11.884345 8.121366
-0.51728 -16.46649
-7.813062 -11.737225
17.028044 -3.404922
-11.660949 13.53738
-19.460486 16.86447
8.286366 1.810877
5.275802 -7.770025
9.968652 -3.095715
-12.836363 15.680032
-0.755317 10.276976
19.751661 -4.490606
19.081113 -0.204846
-9.505242 2.901949
4.909182 8.719152
5.646504 5.851528
-14.577619 7.952225
-13.731083 -16.674408
0.738031 13.857934
19.225585 8.522447
-10.147172 -0.872894
-13.83763 16.707125
-7.644391 17.478389
6.965729 -1.832969
-13.772335 19.684478
18.148317 -11.976013
-8.960465 10.018272
10.368349 8.76729
17.664114 18.80064
-15.286306 -4.125894
2.087921 8.143955
0.464212 12.436706
-2.565926 7.708029
-9.956715 -5.712182
-19.895745 3.009865
-7.173633 9.08511
19.593759 -19.994716
-5.207321 13.875686
-13.90275 12.254839
2.798391 0.17123
-11.368087 -14.370246
-12.062787 -14.405381
2.182378 13.804373
-5.543132 -7.19899
-7.63006 0.087315
-6.394617 -18.418612
12.691899 17.387162
-11.63289 8.256803
18.989132 9.258876
7.946632 0.233299
17.53969 4.483597
18.049217 12.154051
-18.456204 -7.206508
15.008354 7.029905
15.075639 -12.164455
-19.563456 19.18842
0.263807 -9.791317
-19.509535 13.635148
4.567412 15.864286
1.158922 10.344167
-12.096961 1.503849
-14.31713 -13.762685
-3.150467 9.148138
-14.778428 12.42018
9.199814 4.890294
19.92983 -11.324665
18.787293 4.465986
-11.503827 4.361307
-4.171626 -9.852403
-16.408611 -8.084169
-0.363094 -11.988154
8.139543 19.671945
-11.865984 13.901957
12.780529 10.608189
-13.368355 -11.763916
1.99013 -19.311822
-18.695222 -14.177781
-13.910412 9.014476
15.995958 12.981806
0.385446 -9.997015
-11.978115 -8.149402
1.423656 -13.437118
9.736153 -4.428673
19.264091 -5.404051
-0.148393 -5.901577
-3.702202 5.370534
-11.968686 4.838236
-0.230007 -13.034404
-0.380184 -6.699217
19.500383 -1.412811
15.573116 17.765394
-17.22377 -9.204916
15.911483 18.896321
-10.997093 19.254741
-15.333882 -18.429899
-4.899429 17.155603
-10.891481 -15.204309
-6.298838 1.438551
14.467112 -9.302192
9.008498 1.883471
8.516442 12.977793
-14.12663 6.057213
-1.436412 16.783109
1.442471 9.719323
2.174835 -7.681785
-5.224533 5.502701
18.359874 3.145145
15.552915 -9.07826
-13.456874 -12.054594
-16.059276 -19.671867
10.61513 8.286876
18.793895 -10.768405
18.537551 -2.338566
-0.402997 -7.791012
14.553631 10.482839