4096
2.772122 -6.503826
4.970843 8.227787
-7.695167 -8.334051
6.354720 -2.045259
5.935953 4.309774
-5.637973 -5.546771
-5.455252 -4.126800
0.901268 -4.647715
0.491324 -0.907888
-1.393676 -7.143954
-6.660765 -9.902306
-6.275180 6.102767
7.578994 -6.220616
7.103163 -2.041204
-2.572741 5.456447
7.582674 6.254677
1.481549 0.831730
5.931168 -8.539729
7.143051 -9.416908
2.464145 0.834603
1.867099 9.557583
-5.408877 -1.726263
-1.926422 2.252519
4.017082 3.809031
-8.520304 2.979854
0.162140 1.653610
-4.263764 9.875539
-6.252973 -0.667753
-2.490569 -3.257133
-3.057508 5.292774
-0.364667 0.747835
-5.371609 3.276030
6.279068 4.133378
-1.527609 -0.463275
9.827542 2.818071
3.455280 9.074276
-3.542374 -4.279758
-2.973308 8.954243
-6.120553 6.472062
-2.323944 8.674397
-1.951437 -0.095165
6.330026 -8.565559
9.964264 -7.873587
3.054222 -2.666525
-5.667124 1.415272
-1.106492 -3.269838
-4.030152 -1.876454
-1.714438 -4.140123
3.993457 -4.263567
4.228957 9.804607
-2.809882 -9.553420
2.184037 3.251478
-7.827525 7.626169
-2.840996 9.449985
-9.134943 -9.822471
-8.495602 -6.807627
-2.564924 9.847017
-7.231081 -7.318916
-6.502320 4.168753
7.363225 5.730288
-6.802727 -8.440654
9.530727 3.579184
-4.166011 2.055913
9.539594 2.225041
-0.426953 5.450618
-6.285468 1.313221
-6.498455 -2.684052
9.892471 -1.131091
0.919322 7.961206
-5.628529 1.926089
-5.320639 6.335720
-4.927673 6.455691
-6.163539 -7.849233
-7.779632 0.231217
-3.904123 2.261010
5.518229 7.176479
-4.801722 5.463085
-7.119932 8.009805
2.521566 -8.019134
-3.413056 -7.381211
-6.314232 -0.461356
7.954126 -0.363440
2.104406 0.789970
-5.548724 -5.189773
-0.086276 -5.955218
-5.334099 3.663117
6.406133 -5.369103
-1.373787 2.534761
-9.490551 5.842526
-9.478513 4.372354
-5.567664 -2.610035
3.181254 2.329264
9.229063 -0.884285
6.292511 -3.509103
-5.024173 -2.533176
8.362702 -4.518695
9.155547 -8.122298
-1.521764 4.330436
6.909666 7.982790
-9.345612 9.590885
-9.137477 0.815816
-3.056120 8.869235
2.926456 -6.299311
-9.167166 1.002734
-5.421792 -3.529411
4.778938 -0.115633
3.194564 -4.293666
-9.929857 -9.639523
-0.408149 -2.052249
-2.852984 6.059022
-0.782122 8.119339
3.165462 -0.043104
-9.723410 9.950551
3.002769 -1.560467
7.886239 8.376833
2.025749 9.604016
4.014098 1.863726
6.868700 2.873503
-6.123954 7.944253
2.699072 2.210590
6.793300 -1.730251
8.296305 7.964861
-5.594790 6.122987
-1.757538 5.974005
0.497175 -7.320595
-1.728606 -2.656408
-4.543547 5.485248
1.560390 5.582664
9.934597 -1.679143
-3.928245 -9.520045
5.688527 -2.878443
7.376906 -6.032480
2.506750 -7.656182
-4.881322 -6.276682
-2.406231 -0.203857
7.791169 -8.457426
-2.423251 -0.515267
-3.252287 0.684256
0.371605 0.342728
-7.525500 5.955214
-4.359696 -6.747512
3.483861 -8.071891
6.899373 -4.957264
-4.015658 0.259797
4.790283 -2.870966
-2.435249 0.367289
3.477205 -3.442073
9.645253 4.659433
0.356871 -2.003817
-5.672366 7.843981
5.046862 -9.093644
-2.050163 -9.428428
3.120767 -4.041251
-2.179255 -7.483645
9.785690 7.006206
8.661969 3.185543
8.558893 1.560822
5.541395 2.823853
8.030294 4.752299
-7.208725 -4.938121
4.070952 -5.525095
-2.606084 -5.966430
-2.815643 2.947373
-0.449744 -9.701553
2.632799 -5.113816
-2.509564 7.037124
-6.432621 3.798150
3.253758 -0.907179
-1.777642 9.050638
3.296016 6.128340
-2.990832 -4.910558
-6.108172 4.692969
-5.412809 -9.979267
1.644373 2.830675
-4.548724 0.232240
-3.105086 7.574592
9.941949 -7.837588
8.186780 -4.181536
-9.027829 -9.311501
-3.005654 -8.631800
-7.843242 -9.341706
7.206713 -8.404095
5.950297 -1.021952
4.863186 -8.506796
-0.493485 -5.655262
-2.795524 -8.891383
0.479153 2.676950
-6.687688 3.692636
-9.197984 6.354654
2.624670 -2.797110
-6.453942 6.886959
1.586735 4.150567
6.632740 5.240374
7.815918 4.374589
-9.354042 9.794550
-4.964811 4.191658
-9.143995 9.144716
-0.449067 9.916250
5.256793 8.306371
-0.197556 0.821651
7.979118 -1.177852
-0.740652 5.767452
7.497114 2.776857
-7.067573 4.736868
8.617294 -4.424068
4.545655 -1.382781
-8.345868 -2.672506
0.737166 -1.741175
-4.754542 -9.751501
-0.205266 2.936583
3.030604 5.582514
-9.328243 -5.854245
-4.511535 2.080619
-2.208404 4.385943
4.308505 1.522836
-3.432319 0.824139
-0.001133 2.402439
1.629118 -8.122126
-1.027278 4.041836
-8.280617 -6.576773
8.233536 0.456043
-5.112581 9.540621
-8.739008 5.943448
-1.834123 6.797776
5.650974 -3.514051
1.530370 -1.788125
2.792952 -9.483659
-3.679779 6.291316
-5.711628 -0.766977
0.081312 0.526650
-3.507082 -7.579330
0.526338 -7.784433
1.100298 6.245379
4.061514 -4.172140
-1.640292 2.182925
9.391703 3.646119
6.249103 1.860056
-6.231090 -1.155673
9.823768 4.844516
7.172116 3.927443
4.387793 -6.066733
3.531297 7.471627
-1.733286 -9.871560
-3.273254 5.806514
-5.878967 -4.240930
6.347050 2.155275
3.909764 4.414771
6.718699 -5.878120
-2.502596 -6.161686
5.891153 4.832097
0.903541 -7.105036
5.760345 4.883256
6.124172 -7.116013
9.103131 -5.596715
-7.527044 7.204067
-8.062749 4.668020
-2.961345 7.406558
0.649533 -7.232441
-9.318831 6.971127
3.645431 5.139073
4.988892 1.409756
5.775613 -1.580170
3.891052 0.594803
5.205267 -0.336778
-3.203025 4.520176
-6.914140 0.970680
8.180414 1.082274
-1.285903 -4.443990
-6.211872 -4.956069
9.879899 -5.365628
-0.638709 4.089259
-1.242374 5.694963
0.336586 0.139505
8.923144 2.930630
-3.320627 4.744818
-3.291678 -2.424945
2.269207 -9.742414
-7.736146 -9.389165
4.512260 -2.531573
-7.474380 -4.375808
5.013756 -1.228498
-4.267921 3.091061
-7.218308 -3.067872
-6.281980 -6.003580
9.635332 -0.634095
6.040032 2.005939
-5.387887 -9.425720
5.877003 3.957718
-5.471626 -3.416146
7.555122 -4.938430
9.668033 -4.794200
-6.851521 5.875942
-2.315813 3.286095
5.045120 4.430066
8.000384 -0.545228
0.025566 1.519801
-7.518623 3.437290
1.827086 7.346949
7.686945 9.477022
8.369116 9.780066
-9.519333 7.750661
8.625909 8.595657
2.910231 -2.704331
-7.755652 -7.683794
0.352012 4.920373
-2.876081 -6.867533
8.547553 -0.730314
-0.125014 -4.974440
-9.744818 6.361288
4.387940 -1.580353
-0.260469 6.001376
-9.275652 5.542074
6.895471 -9.070600
-6.161964 -2.619593
-3.622578 6.280362
-9.932652 -9.094610
7.455583 0.455429
3.385569 9.546930
-8.548009 -7.158792
-7.012515 -9.181473
7.980838 1.289916
7.198418 4.444727
-7.601741 -7.200725
-9.826026 0.389645
-1.611734 -8.315778
7.253160 2.165785
-6.472074 -8.549984
-4.106855 7.639449
2.200180 5.950867
-9.197695 -8.029153
0.832509 8.705031
-4.126175 -3.924401
-1.282204 2.977187
-1.007414 -5.053394
-0.942080 9.949784
2.780667 -0.062200
-8.695341 -8.886593
-9.298557 -5.198616
-4.728930 2.018177
-6.123185 -8.059958
-1.984962 2.660950
-8.266657 9.485200
5.849490 5.319123
4.082296 3.285929
0.999065 3.938725
-8.618161 -3.409902
-8.575245 5.404229
-5.733999 1.499447
7.235600 1.108612
6.261524 -3.818236
-1.663431 -3.376453
6.673573 -6.845142
-4.665696 1.235123
-1.700113 -7.079640
-6.686949 0.928383
8.637240 1.852832
-6.052631 -0.275515
3.791387 -9.952263
-2.043906 -8.474659
7.755386 0.657559
8.378927 -9.663487
5.735574 -3.719982
-5.730385 2.491403
-8.378994 -8.257712
2.334748 4.192838
-0.779347 6.220956
1.574293 5.060749
-8.853829 5.046619
-0.493833 0.218299
-7.699173 3.334314
-8.771908 -0.087994
7.223692 -4.444834
-5.080284 3.209548
1.635810 5.101527
-8.708510 -4.336931
-9.088504 -9.768020
2.575369 4.245376
3.959380 2.338642
0.041600 8.066611
-3.994322 6.652716
7.384331 0.178133
8.741717 -6.690246
3.569847 1.031872
-1.001520 -3.117883
0.231947 2.014664
-5.240010 7.539826
8.050652 -8.606822
2.718798 4.428236
-2.185835 3.920122
-3.760985 -5.062188
8.349559 -4.950740
8.728221 5.137534
9.776657 -6.800627
5.758047 5.137369
-2.923803 -2.897848
-1.951767 -7.806989
-2.180935 -1.648508
9.179243 -7.678799
0.989816 -0.411645
4.252306 -4.768018
8.330953 2.202198
4.730674 3.015595
-3.513817 8.929606
0.139543 -2.135857
5.045373 -9.770452
-4.833613 -4.261174
4.247309 9.045402
-4.083915 -7.471862
-4.515983 -9.958590
6.494278 -6.266291
-5.959173 -2.803034
-1.487805 -7.067590
-5.523915 -7.310259
0.836860 -5.134729
3.726450 3.147642
2.645904 -6.065149
8.439676 3.843704
5.934773 1.985787
-5.432093 -1.087781
6.080960 5.937183
-4.671492 1.483366
-1.163329 -9.493879
-0.575386 -9.143709
-9.356455 -5.327781
-1.451467 4.605837
8.160516 5.356211
6.684511 3.749754
2.780805 5.419511
5.342861 4.990415
-4.110277 1.611701
-9.605023 -1.985097
9.634427 -3.786499
-5.324619 5.293233
-0.163882 3.843374
3.355000 3.405504
5.771575 4.852747
7.817361 6.022344
0.648585 5.059261
5.806927 -4.193785
2.075367 -7.679928
8.437922 -5.575171
5.865937 0.601504
6.242572 -7.508829
9.426045 -1.458940
-2.556676 4.020465
-9.725749 8.165223
2.476494 9.840332
-9.440996 0.058854
2.200711 -6.413205
6.689538 -2.538225
-0.464557 -5.915716
2.639503 -5.938895
-9.581554 2.621692
-5.422771 -3.102386
3.249117 2.999341
-1.105825 6.707660
0.805626 -6.974357
-2.713973 -8.307005
-1.044062 8.995978
-2.649108 -7.035753
-2.925542 -5.739062
-4.299540 2.728335
8.029953 2.593413
5.524724 1.166898
-0.141319 -9.854343
1.188692 -8.921725
-5.707076 -0.183499
1.716543 0.296380
3.177229 -3.134952
-3.179729 -3.973901
-1.268035 -6.831760
2.917388 -8.337961
-1.221796 -6.585777
-5.372890 0.223992
-8.645162 -9.860172
-7.300266 3.294837
-4.586878 7.268372
9.917680 7.744334
-6.649912 -2.217295
-9.901229 -1.288582
-9.983307 5.169950
-2.614087 -9.285433
-5.905931 4.818278
-2.409613 8.723838
7.942117 -4.065875
9.868613 -5.751640
8.709282 -7.642270
3.797885 2.646230
-6.253636 2.512408
5.723461 -1.009932
-8.742867 5.219584
9.397751 7.855149
4.744607 1.447896
-6.013122 2.674643
8.714746 9.115505
2.301229 -4.395393
5.425585 -6.566602
1.043867 5.646594
2.117563 0.867414
0.193110 -9.131496
8.072196 -2.005927
5.319875 1.191753
-2.040526 -8.738688
-8.872266 -6.179979
-1.280051 6.471920
-1.813448 -1.305865
0.213676 0.443190
1.304753 6.515153
-9.096575 3.911687
9.087841 -0.971145
8.116541 -7.785864
4.345750 6.741063
-7.643123 -5.477257
0.614544 -7.120564
-4.602506 -2.089172
2.755117 7.441566
-7.331396 4.425085
6.334733 6.963572
-9.497058 5.537397
-9.198345 5.457409
-8.051218 5.882170
-7.647908 -1.514699
7.353253 -3.783796
8.433399 0.573567
1.711760 3.990946
-5.928033 -8.404042
5.179934 1.585854
4.303545 -5.850313
8.992506 9.913660
9.572683 -0.500192
-2.658420 2.283047
1.518056 -8.654962
-5.484386 5.929663
9.620441 -4.534083
7.781751 4.082143
-5.136175 -8.165343
-4.346411 -9.946911
-6.653940 -1.229579
2.629858 -1.198801
9.626445 -1.620560
-3.126178 -9.601109
4.933887 -5.905316
-9.355328 -1.570269
0.588626 0.926937
-2.576725 9.746922
-4.427015 4.944275
-1.859683 -2.436645
6.670089 8.661020
-3.707162 2.157791
6.744974 4.227146
1.954027 4.243754
-6.019346 8.469242
-9.273101 6.365683
-5.748158 6.495794
7.547493 -7.020189
-6.792370 -6.969463
2.465353 0.341039
-5.391747 0.857951
5.000539 -2.255625
-4.337462 4.723022
4.416432 7.570677
4.544799 -0.154618
-3.198649 4.897767
-3.108624 -3.321132
-6.474101 -9.983930
3.396417 -6.026996
3.736202 3.209506
5.856014 -3.697046
3.956310 -4.011627
-4.461146 -0.243813
-1.202080 -9.123143
-8.588955 -9.282619
-1.141312 3.221641
-3.540306 -2.342524
6.238336 -6.603174
4.717834 6.855794
3.916984 -2.098103
-3.722922 -3.320661
-9.416412 0.614556
9.554301 -7.745213
4.060568 4.677452
-5.861064 -6.865825
0.460880 0.114331
5.714686 -8.597301
2.799994 -6.712938
3.364187 -8.305096
8.383614 -6.301347
1.709554 2.231218
-6.449927 1.161148
7.455798 3.122981
6.395828 1.163929
-8.706574 -3.421760
-8.012372 9.575638
-2.019763 8.946561
8.699490 -5.710604
-0.640668 5.627747
7.430368 2.501337
9.571571 9.916308
6.998488 -9.810596
-4.246763 -0.427384
-6.276025 -5.741691
-9.120901 -4.630027
-0.923825 -8.424155
-7.432821 1.622026
-0.716766 -1.049179
-8.349932 2.346957
1.694625 5.758498
-6.579059 -9.728488
-8.960089 -7.737687
9.708492 0.234873
-7.119348 -4.795729
-9.567520 -8.368309
-5.417656 -9.970401
-6.591744 -0.430189
-2.092090 8.285826
-3.360372 -6.177109
-9.424040 -1.833137
-7.452189 -4.009019
1.789276 -5.923803
5.785823 0.615002
5.615469 4.152141
-3.439962 -6.875520
7.851207 -7.159028
4.254038 0.216312
0.383425 -4.808543
-6.866629 8.128145
-6.298565 -3.625142
4.350763 -5.426316
-4.878642 -1.411763
-2.610717 -8.948200
-6.236052 -0.268246
9.473232 -6.515686
-0.156505 7.740726
0.197469 -9.753216
-4.930046 -4.240333
6.869640 -2.799231
-6.931087 -1.970846
-9.187649 7.753389
4.660512 -4.292560
-0.507258 -9.999309
-0.800757 2.703607
4.081210 6.242622
-6.252954 6.405266
-8.336782 -7.092315
2.316507 -6.088070
-1.605536 9.891292
2.049884 -8.621637
6.439156 -5.165758
-1.449969 1.182930
3.357901 9.568273
5.777469 1.557959
-4.733513 -4.873926
0.263593 -1.940413
-6.575725 7.859862
3.438275 -4.422116
7.035774 -2.114069
-5.402893 8.028595
6.819425 9.699960
-9.263187 2.627568
-7.493187 -7.715446
7.728295 9.666347
-4.761185 5.281900
-4.919404 0.183498
8.670558 -8.430921
-6.346780 7.118355
-2.630575 8.048501
-5.338011 6.165440
-9.459900 4.181487
-5.322062 -6.920175
0.265374 3.247311
0.734353 4.516103
-8.315490 1.222640
9.677529 1.014477
-6.567193 -3.086445
-1.829813 -9.286046
-7.625185 7.420404
4.717284 7.211613
8.036352 -0.024624
-5.773582 9.037801
1.492815 2.518537
2.243312 6.913111
-5.591468 1.406431
4.034555 -7.607641
7.004997 0.394673
5.145797 -3.338505
1.317125 1.664270
1.761787 9.183875
-5.344069 8.506080
-1.805508 9.938801
5.138796 -6.102793
7.839341 9.091049
-6.413750 -9.061312
-0.684776 -5.747198
7.160445 0.284993
-9.616949 -2.007297
-4.509478 -6.982244
8.294941 -1.468996
-7.156863 -7.439755
3.808641 3.465240
2.619451 -3.760951
9.415153 -5.886867
-0.068825 -8.429167
-1.042642 -4.900695
9.992841 4.908864
5.838710 2.767189
-3.537975 3.251944
-3.163796 9.315219
9.336953 -4.456180
0.686423 -3.480649
-2.152874 4.585289
3.813777 2.920593
-0.259566 -6.590004
-1.218517 -5.836743
2.458740 2.751002
0.359331 2.724392
6.788386 -5.335702
9.073875 -8.915565
3.041750 -1.787189
-5.304191 4.294557
-2.796969 -4.370703
7.021058 -0.545819
-2.312364 -7.175162
3.426744 -0.196983
-6.878371 -3.628067
-9.988799 -9.056052
6.085550 2.222496
8.206739 -8.628027
-9.942110 -3.532971
0.641535 3.901379
1.868404 -1.486885
-9.986613 6.354025
4.895982 3.395848
8.689253 2.018408
-0.056293 -5.349782
0.460835 -5.781762
-3.119070 0.489346
5.002024 9.191571
-8.318867 -5.293127
7.549407 5.752033
7.683536 -7.249432
5.400466 -7.013247
-8.779260 7.184471
2.333095 -3.798172
-0.147758 -1.316255
2.998203 -4.791882
1.579345 6.196264
-8.369093 1.496997
-2.703050 -9.786288
5.670981 6.400200
3.653587 -6.330201
9.765447 8.005647
-9.254007 8.638420
-6.332116 5.624093
3.298305 7.066223
-6.924555 8.107462
0.789428 8.267125
2.431211 -3.087479
-2.796923 -5.814700
4.927067 8.890682
3.199680 4.317725
-8.033289 -1.828473
-8.148589 -0.388174
4.449887 8.704431
-9.680044 -9.092821
8.750214 -5.096335
-2.269641 -7.581130
-7.218351 0.714683
2.889570 7.506225
-4.225535 1.551589
5.465414 1.824520
-3.683712 6.238601
2.833893 -9.838711
-2.829132 -4.854472
-9.342768 -5.301476
0.517182 -6.362213
2.821893 2.684652
-4.434235 3.050445
5.990291 9.911238
9.012988 -1.071162
-8.641443 4.326804
-2.397148 -9.065512
8.936964 7.498134
8.244779 0.015247
3.563844 -0.916778
2.891368 3.568771
-9.071270 3.996801
8.652007 9.198266
0.331810 3.852020
2.742003 -3.717935
0.665229 -3.349063
7.478657 -4.256809
-4.241337 0.785730
8.917894 -2.614652
-1.184993 5.971501
0.229604 -2.550664
-7.150650 2.869907
6.208504 6.901686
-0.525592 9.301165
0.975241 6.069570
1.146057 9.671053
-1.473114 -9.823245
-5.673453 9.322088
3.772590 6.357178
8.095479 -3.046944
-7.373821 -5.984972
-9.536768 -3.830704
-7.200339 -5.400054
3.220018 3.957662
-0.319670 0.061754
1.014712 -3.149398
-7.262194 9.588520
7.301006 7.355985
5.665450 -8.037857
3.408112 -4.401386
0.245075 2.260923
-9.785050 -2.974014
-7.823660 6.400740
-6.076409 7.293868
3.708802 -5.573860
-1.829072 -1.494423
-6.446292 8.439340
-3.762275 8.880348
4.302808 6.170752
5.845804 -5.083659
1.191907 6.376397
8.359017 -5.548913
-4.961654 0.329107
5.784110 1.674784
-3.739710 -7.754706
0.199132 -8.077114
7.733456 4.588405
2.793795 -9.470805
-8.187599 -9.743135
9.966357 -4.960287
2.220460 -7.453243
-9.948379 5.303142
-3.863562 -9.596744
6.289222 -9.783683
-2.485865 -7.046755
6.124360 -4.869824
9.476873 -6.088989
6.165074 -6.939557
9.886736 2.969421
-8.258634 -4.924268
4.087153 -0.148538
-3.660031 4.234526
-8.390784 -5.913491
1.038382 -4.546414
1.324850 -1.757149
0.253253 -7.681810
-2.122658 -7.946971
6.333742 -8.764169
-6.886445 1.614516
-1.505176 -1.042760
-0.848365 1.137244
9.548055 -0.176436
-2.429715 -0.419955
-3.728370 6.600067
3.682160 3.587430
4.636193 -5.472367
-2.438709 -0.853931
3.221755 3.267310
5.337092 9.615594
2.946939 -6.574434
7.267649 -8.172177
-0.149243 1.561321
-7.875702 -9.677892
-4.867643 8.197979
1.458052 -1.835811
-1.485966 -8.030386
8.401306 8.309078
7.600663 -5.883787
9.572678 9.276557
-4.456193 -3.587135
2.722884 5.280446
9.826197 -3.204362
-5.546212 -7.009085
-4.405195 -5.271564
-6.189819 6.735250
-0.373306 -7.341343
7.148935 9.385822
7.478075 2.755929
3.733790 -5.112517
1.088378 4.898622
-5.678641 -8.502055
3.501809 7.987504
-8.115571 6.950519
1.530277 7.804997
8.333011 -6.943495
-7.141723 -5.114549
8.119598 3.631612
-6.467891 -3.928284
-7.721063 8.081285
-1.440603 8.282752
-5.876517 -1.378209
0.548838 7.631599
6.178714 0.075577
-9.519482 -9.257397
-1.488578 3.874088
6.428141 7.537322
-3.842881 7.287172
2.406555 5.097157
-7.302635 -1.305858
-9.978739 -1.148389
1.170421 7.268654
-9.921549 3.835881
-4.260556 6.997382
-9.582058 8.157398
-5.814590 -8.503884
-3.754346 5.642066
-4.461390 6.431357
-2.338714 -1.472652
8.816034 -9.313300
3.992938 -7.387920
-8.821835 -2.366641
-4.944176 -5.133303
7.038249 6.590942
8.928685 1.049393
-0.779596 7.142154
1.643015 5.065442
9.207969 1.676710
-7.104953 -5.198482
-7.019356 -6.015337
-7.442033 -7.917253
-5.081713 -7.267148
-7.560982 -8.397899
2.402992 -9.161639
-9.012994 -4.722552
9.824319 -7.584873
0.065441 -9.075195
0.005576 4.531659
4.368386 5.933198
8.609569 1.082134
0.636268 8.123627
5.257422 -2.013250
-5.721403 4.847528
-9.927845 -0.535081
4.443323 3.819361
-6.084638 -9.107112
-5.544017 -4.737617
2.360176 -1.243306
4.404078 5.087872
6.026395 1.415019
-6.097570 1.848665
3.914227 -4.052862
-4.141568 -9.428579
-4.115842 -3.453782
9.211839 -8.248859
-2.620846 -7.686591
-5.860074 -3.107515
6.881121 -4.983359
4.968396 4.404725
-3.983309 2.388409
-6.642774 0.848255
-5.441159 1.512797
-9.515901 7.820274
0.175727 -7.481725
-8.830088 -9.364254
5.430378 0.314285
-2.333072 -5.185633
5.757560 -6.044721
-6.812042 4.051638
-0.812252 -7.662236
-5.742430 8.853890
-8.267380 0.589323
-1.364587 -4.996463
-5.414069 -4.007212
-6.181642 6.639270
3.298806 -6.641442
-2.198365 -8.474416
8.470841 -1.657829
1.028470 -2.106856
-6.858199 4.586140
-3.356989 5.013730
0.803053 -3.419780
-2.940951 -8.650711
4.337966 7.665813
-6.803613 -9.221190
8.267331 3.763545
-6.556411 -5.484381
2.148109 -8.227050
2.294574 -5.373680
-4.411091 -2.846534
-4.675566 9.638405
3.365393 7.210752
-0.989972 1.112908
-6.297135 -9.030894
-7.161292 0.443389
-7.769294 4.369818
9.549872 5.855643
3.863451 7.858436
5.130596 -6.052145
-5.526342 1.803614
-9.724774 1.475821
9.077907 -3.728567
6.290942 -7.386127
-9.454263 8.033467
8.375261 4.573833
8.447691 1.164435
6.102229 6.743513
-6.385167 -2.988003
-8.243147 -5.326603
0.256612 -2.292010
9.398554 -7.237107
6.268080 -7.777248
3.670661 4.709851
-2.175698 6.181872
-4.359611 -7.946579
-4.282692 8.529884
5.553558 -4.216602
-2.745063 6.212824
-4.649338 -2.838785
1.623283 6.994768
-7.064699 3.649020
-6.108250 0.589049
-0.907388 -4.764816
-1.527544 8.394164
-7.053883 -6.750581
4.734698 -3.885626
9.749477 0.558378
-7.027433 9.384368
-3.641267 1.081209
3.272865 1.144303
-0.794842 -1.424718
-3.987611 -6.164967
-6.357512 -0.686087
9.062887 4.149055
-0.939562 7.159410
6.298708 7.124710
8.008251 -5.194379
-4.774697 -2.313348
-5.703570 1.099138
2.232506 5.794446
0.109598 0.993521
1.052177 -9.396733
5.727882 3.406588
-0.874942 5.820417
5.205060 7.471899
-9.457510 -4.890195
6.495720 8.275393
7.633006 -6.945124
8.759371 8.963993
5.573389 -8.170454
-6.094648 -7.427591
1.876642 -4.150307
1.384466 1.920713
9.805053 -9.708140
2.567456 -9.663582
9.490503 -1.170061
3.968778 4.594114
-4.090132 1.570419
4.758702 2.987716
-3.563702 6.887654
1.727211 6.100559
0.658659 -7.712091
1.227197 5.643151
3.972269 -6.877373
1.245740 9.475771
5.052540 4.609356
-1.404599 8.889361
-3.434003 6.324713
-6.763632 8.604012
6.744711 -0.298322
-8.845499 0.611625
-3.071410 -9.406981
-4.573010 3.387872
1.579111 -8.828470
0.862949 -1.953102
5.996890 3.578629
5.874845 -7.319428
-6.923718 -8.361438
-5.175783 2.883821
0.625182 5.187204
0.891579 -7.839139
6.166808 -0.773742
-8.145093 -2.962476
4.306903 -1.683419
-8.205022 -8.853987
-0.131681 6.245585
6.876576 -6.797146
-6.778800 -4.335175
-7.034050 -5.640593
4.327938 5.865098
2.417609 -6.423878
-9.010673 -1.461375
8.666075 -1.386907
-3.568977 9.465731
9.353252 0.951860
4.975893 -5.492892
-4.809333 7.024994
-0.995494 -8.835906
8.634305 9.650642
1.341135 0.859512
-7.191883 4.659234
-0.585425 7.052167
-2.433477 1.985498
-6.202122 6.962351
-9.364112 1.039057
-2.368273 -4.945446
9.766174 8.142875
8.216299 -5.310117
-8.347104 -2.355800
-5.662031 -7.756326
9.192021 -5.275041
4.195655 4.876839
0.578350 6.853320
4.941482 -5.595656
0.912141 7.304910
-6.358528 -2.279304
6.506658 8.529074
-5.603240 -5.363999
2.851570 4.277437
2.760500 -9.965677
-1.025024 -5.681761
-9.247683 -2.273999
4.575813 4.150028
-3.935298 -1.142589
-7.723983 4.520430
1.619854 -9.169491
8.077378 6.444929
2.304772 -7.873006
3.866668 -0.080959
5.050216 3.112661
3.606175 -9.250845
3.665255 -7.340423
-6.716846 4.949488
9.376536 -2.664588
4.782629 -5.629831
-4.908906 -9.416880
5.430802 -4.416315
3.901546 2.776532
-2.536779 3.291180
-8.670944 -3.310755
-8.471645 7.663178
6.690638 -4.794867
-3.704530 -1.173853
-5.565924 0.285184
7.281370 -9.280607
8.776491 5.063197
1.540637 8.436050
9.915725 -4.503173
7.915294 -7.824903
7.781465 -2.925445
3.448618 7.843186
9.348084 9.241037
6.515931 -5.849057
-9.713184 5.442087
6.447392 -8.495250
1.277201 7.607842
3.299411 6.966943
9.366549 -5.793969
-7.612792 -8.676949
6.635997 -7.069345
-0.402916 -2.048384
2.764447 -4.155412
-2.812173 -2.408386
-8.418783 -7.947953
5.113170 7.083195
8.280507 -4.434428
6.247288 -2.773261
4.909261 -3.114158
-4.121671 4.629347
-9.461325 5.237849
-4.814686 2.972190
-9.215976 0.121753
7.390206 2.444009
5.154444 0.818544
5.844262 2.436853
-4.180612 0.886730
-1.866897 -9.160514
-8.250921 8.981319
1.692884 -5.591740
1.580063 2.875298
-0.564778 7.417875
9.271043 -4.122993
-6.197317 -2.110715
-5.074632 -0.510946
7.238303 9.963004
-4.562643 7.957808
-9.475599 -7.003122
6.995292 -9.508245
-5.121680 9.526538
1.448191 -8.438723
6.578462 -6.708613
4.634508 8.443039
-7.342153 6.091542
-8.571426 -7.900421
-7.326565 -4.530988
-2.340481 2.594786
3.271859 -3.537082
-5.757660 9.003942
8.357167 -4.033382
9.156204 4.602960
-4.110889 -1.421864
-8.472834 -0.625825
-5.536258 9.495178
-5.373419 -0.801907
8.900097 0.988944
5.361220 0.774984
2.564871 -7.320304
9.298618 -8.375741
-0.868505 -6.224076
-3.911994 -4.472314
0.301503 7.688819
3.080398 -3.051203
0.558736 -4.533319
-3.132362 -4.264557
4.599070 2.002032
5.593561 6.619396
2.004040 -7.558846
-6.490253 5.820756
-5.518659 0.051619
4.098895 8.784447
-5.740540 5.649963
9.252812 5.401747
8.405179 -8.979071
-7.478947 -9.941320
3.243214 -9.257286
2.809444 -2.369927
-7.263459 7.213920
9.847903 -1.039070
-4.689027 3.119398
3.548357 -3.672989
3.108020 -8.831463
-0.365933 -8.138361
6.244079 1.257472
0.817151 2.894510
3.046187 6.715976
0.598748 -1.029431
-0.938534 -4.518049
-9.205402 -6.295191
2.060100 -6.504845
-3.725439 6.166198
5.509830 -2.638695
2.534527 -2.641434
-6.603085 3.970587
-1.903783 0.016090
-5.178628 1.256042
-7.468296 9.372034
6.099912 -6.259949
-7.393107 9.765546
6.108121 9.861550
1.710737 1.133393
-2.091915 0.168968
2.312405 8.480576
2.579469 -0.737555
-2.913148 -6.219706
-5.490467 1.474805
-2.021752 -1.807219
-1.980412 2.502007
-2.447908 -2.201238
-4.498154 0.629335
1.038796 5.897695
6.456469 9.100656
-4.444215 -7.785957
-0.906009 3.367255
-9.689931 -5.744281
2.522221 -6.777374
-8.140390 5.173687
-6.229134 8.339749
1.621562 -4.169894
-6.779231 4.226440
-4.309167 1.587931
-8.710430 -1.583971
5.811992 -0.297377
9.229127 -6.438235
-1.891057 -9.419487
-2.508690 6.349768
6.122242 7.013501
-7.949711 -1.114262
1.344124 -6.190623
-2.362447 -6.197205
-9.394000 1.135267
1.381418 -9.779483
0.634990 0.592243
-4.726000 8.162481
4.053774 -8.115893
-8.819783 -6.881229
5.235946 -5.706967
8.027004 -2.708329
2.168653 -7.735051
3.099319 -6.512074
1.153291 -8.976262
-9.108089 5.221345
2.588351 -0.248958
-2.635495 -3.873540
-9.075331 7.778444
6.303220 -3.237052
9.444325 -6.097233
-0.853619 9.820967
1.698631 1.768145
-7.449842 -3.389029
-8.253968 -6.308156
-2.521948 7.250403
-5.218006 3.881353
-2.603932 7.211786
-4.107314 -2.767519
9.373390 -2.308347
-6.044781 -0.627413
-0.356272 7.476547
-5.165204 -3.048005
-5.807976 8.490665
-6.515806 -2.383455
-6.289631 6.946077
2.186696 -0.619471
-9.368421 2.559925
3.154746 1.984728
7.959808 -4.043809
4.653392 8.810338
-3.739212 0.165965
-1.382858 -7.479622
7.723188 9.672906
-5.574662 -3.594037
-9.845892 -4.647548
6.853949 -2.693695
3.446435 2.043381
-7.873257 2.549631
-5.076714 5.125650
-9.665540 5.480206
-9.273817 -8.008287
-5.189411 -4.479172
-4.274143 8.439034
-3.731652 6.067603
3.929438 5.018042
7.375778 -4.943011
9.581214 -4.084402
7.328633 0.222088
-1.654810 -8.149413
-5.593492 -1.658157
-4.915891 0.900233
-3.259202 2.460205
7.741290 2.029456
-8.468386 2.736806
-7.619363 9.448461
-7.908553 -0.828797
-1.813633 -3.468268
2.323179 -3.922873
-1.659420 -2.172245
8.172668 3.591089
3.835168 -1.743038
-0.470341 1.264553
3.442730 5.199277
1.865722 5.052586
3.221002 -7.103752
6.549714 -7.254032
5.179725 0.123424
-2.643742 4.394079
3.676461 8.367345
3.967556 7.115206
6.009636 3.521631
0.076168 1.514983
-4.076045 2.275535
3.386573 -5.656821
0.693998 -0.526065
-9.310503 4.094249
-7.739509 5.234721
6.193148 -0.496497
-3.345580 4.406689
4.234514 4.022201
3.549885 4.885438
-9.954095 8.412281
-5.055720 7.133177
7.372847 2.403452
-9.374022 -0.874873
-4.610298 1.160185
7.918910 0.038264
-7.381391 -3.106723
4.476963 -4.064264
5.301013 -9.145370
-4.108766 7.954935
7.300920 9.116696
0.823665 4.133135
-7.386817 -9.700116
9.710093 -1.903920
-1.157529 -3.966262
-9.795214 -3.591809
-1.068732 -8.417310
1.049607 -2.150641
-0.062200 3.202643
-9.828427 6.149967
-8.342227 4.707499
0.366920 -1.766218
5.554006 -3.767001
7.456908 -3.283034
-9.926897 -6.857273
4.702344 8.522969
-4.449819 -1.236992
4.875067 3.569967
4.635336 -2.972601
5.731512 -6.823964
6.602270 9.403600
5.408934 -8.062570
2.461041 -4.832789
7.692291 8.599549
9.481610 6.748453
-6.187523 5.940167
-8.992593 1.769904
2.714930 2.872576
8.778998 -4.794108
2.298909 9.843982
7.729224 1.951693
9.332610 -7.640689
5.871976 -8.802664
1.194464 3.013431
-8.339323 -2.384664
-4.144029 -8.739763
2.507516 -3.371910
3.461642 -7.799369
-3.315791 5.252672
-9.601034 0.758340
-9.868230 -9.251440
1.282200 2.197753
6.151450 -9.566330
-3.732410 3.393833
5.205229 -4.373247
-2.943915 8.352418
-5.934470 -6.574209
-3.786636 -4.137609
-1.994686 3.149799
-8.270167 5.779185
0.088673 -5.877371
5.436433 5.425087
0.360613 -8.663221
-5.787986 0.730115
-1.396780 7.902311
-7.915937 -9.864274
-6.970223 -6.644834
5.665865 -7.984279
-1.868758 -3.076344
-6.100744 5.759795
1.981091 0.332126
-6.589057 -6.426942
2.640509 6.071610
-9.116952 -3.444989
1.451401 -2.970724
0.145095 8.435347
8.287334 -4.678551
-1.859547 5.453791
6.775643 3.435004
-4.447508 -2.587583
5.036659 0.185576
5.141704 -5.383201
3.315782 -9.463016
9.833400 4.977424
-1.397637 -9.012739
-5.810849 5.852835
-1.044130 -7.582043
2.267616 -1.139786
-7.666351 5.281528
-6.783308 3.055692
-7.327420 6.267503
4.705909 -4.099356
-7.990971 2.954095
2.066896 4.581831
-2.193543 9.570767
5.553838 -7.432978
-3.410728 6.810544
0.856823 -3.656431
-8.532460 6.507200
6.656669 7.072469
-8.931763 -2.647310
1.535668 -2.054940
-4.759145 8.506697
-8.505550 6.450644
2.812439 0.861318
-1.309973 4.050886
6.879268 -1.897376
7.969002 -6.013866
-0.858642 -8.253004
-7.591826 -1.418262
-4.354621 9.298172
5.331344 -1.988934
-7.917810 1.024486
9.330159 -3.666010
-6.835881 8.584392
0.932897 -5.322892
4.808362 -1.124218
7.793879 2.436377
-1.311922 8.616835
0.252298 -1.820190
3.108277 9.829455
-2.636857 6.579079
3.882120 6.019837
2.533676 7.163409
1.226625 -6.436608
-4.714840 -5.219378
-2.798426 -0.640308
-0.478027 2.259810
-2.792229 2.681320
-8.991557 5.889841
8.662581 -5.677374
-3.728622 -7.657955
-7.155748 8.763682
6.153645 -7.451338
9.983564 -1.964428
-3.131955 -9.704225
-6.911149 5.231860
-5.435395 -1.246635
0.711169 -0.493685
-3.976963 5.494420
-4.708180 8.407393
6.869400 -2.306768
7.338505 8.575500
-3.003084 -0.743657
2.383197 -6.493736
-2.562280 -9.387465
-2.295341 4.498029
-5.843637 -3.990209
-6.274507 4.372460
-2.633524 2.298465
4.458698 6.946451
3.084225 -2.640835
0.344471 -4.800587
5.701037 2.543139
-5.109422 -9.612491
-4.652216 6.043664
-3.108105 -5.292555
-3.071939 -3.326003
5.950678 -9.727310
2.027662 2.423177
-2.946583 7.664849
-2.054574 8.584448
-0.834264 9.337810
-4.144732 -4.274656
-7.200588 4.147436
-7.247916 -1.097611
-5.336831 -5.521563
-3.830776 -9.543079
-9.524476 -8.882020
0.910813 7.614483
-1.046146 7.846168
-2.445883 -4.085417
-3.123045 9.199536
-9.146075 -9.501978
1.226709 -9.329236
5.291968 -2.755073
0.951919 7.202512
6.603516 -4.781300
-7.946848 -4.968674
-4.737088 -7.349286
-3.014748 -3.505207
1.580185 2.499356
0.194515 -3.840037
-6.599583 -5.806389
6.272765 -4.463173
-8.620803 -4.253760
0.590764 -8.736798
9.444954 -2.313926
-2.816172 2.447913
3.709819 -4.160008
4.636594 3.358694
8.991206 -3.366053
-9.612334 -0.283011
-7.719615 -3.672019
9.327280 1.960639
-8.800462 -5.719755
-3.355601 -0.775784
6.630334 -2.725541
-3.267967 2.274025
-3.535434 -2.887869
-1.736867 -2.666521
0.600731 7.840777
-5.022649 -5.112309
7.365696 -2.997599
0.117003 -6.799163
-5.509365 3.789474
3.658776 9.904030
0.839640 -2.290423
-5.586390 4.634764
-6.100044 -9.726708
-9.753667 -3.565139
-5.956215 1.216126
5.983905 6.013480
5.362943 -4.473024
-6.525325 -1.313439
2.621613 -4.991955
9.271492 -2.615243
-3.753880 -0.334474
-1.896149 -1.838982
-4.218556 0.824324
-5.940154 -0.480429
4.138658 4.469094
7.342631 4.030489
3.064157 -6.501633
4.297129 1.265272
-3.356778 -8.588254
0.579886 -5.051018
-9.547881 3.339637
7.142326 -6.779784
6.396448 0.174274
1.475765 -3.451168
5.582842 -9.872805
-7.505288 7.980766
-4.149164 5.962675
-0.985603 -5.190288
-6.095435 3.543323
1.169314 -8.038206
0.748014 9.210684
8.556813 7.020588
4.210578 -2.875944
3.711867 -9.722303
-9.898665 -1.561360
5.163806 -4.337097
-2.546284 -7.811521
-7.125553 5.217943
-3.808608 1.937118
-9.631841 8.993310
-4.640251 -9.477279
-5.601984 -7.905785
7.043790 6.862019
-7.667107 0.808642
0.933210 1.147372
-4.303415 3.556417
-7.764993 -8.454073
7.966046 -0.571810
1.775574 -9.207014
5.729794 2.386365
-3.811446 -6.732872
-4.370511 -1.266548
0.853603 8.840578
0.851169 -7.674236
-8.124533 -6.625037
-9.872210 2.371999
-7.050343 -7.546820
0.582860 -0.181224
5.120267 -2.774679
7.495666 -7.867867
2.458782 5.098488
2.341476 1.731430
8.935573 7.441040
2.474691 -9.204271
-0.137098 0.681672
-6.587705 6.866969
4.804259 -5.882193
4.477047 7.952384
8.559221 -1.727008
6.131604 6.531938
1.298199 8.758995
2.868954 7.466209
-8.126065 -0.772452
0.930167 -8.920706
3.094297 8.652909
3.974608 7.629455
-6.221128 8.136122
-5.086661 1.630179
9.448241 -0.258805
-0.516774 0.983238
8.623593 -5.615927
-7.638531 -1.731855
-1.000663 -3.512005
5.298379 -2.219002
0.833298 1.811382
1.188964 -2.272403
0.110398 -3.083969
4.281847 0.946125
6.287975 0.086188
6.862858 -8.003670
-9.618198 -4.114803
7.629202 -4.276255
4.570204 -0.318903
3.860286 9.817648
-5.893550 1.349698
-0.158952 -0.617419
8.673266 -9.444481
5.298355 -1.686927
-4.264188 -8.111309
2.768035 4.693817
0.773982 4.330300
-8.664947 1.693809
-1.068685 8.400663
1.052136 5.276963
-4.149700 5.502219
2.474373 -8.209676
6.163799 -8.468036
8.573404 0.133186
2.399887 3.251293
3.932259 8.010661
-3.584167 6.005131
-0.274761 -6.588523
5.188783 3.746118
5.733977 1.000988
-3.154642 -0.528287
5.544988 5.413435
-1.464960 7.974894
-9.877400 1.354927
0.656009 -0.851444
-2.389525 -0.741429
7.840878 8.606035
8.227963 -2.173496
-3.737297 -7.807719
6.514500 3.119110
6.891178 -1.964595
-3.721716 7.939325
-6.488848 -5.408247
5.616789 -2.338781
4.936758 -6.517705
-8.502449 1.131382
-9.909912 -4.863188
-0.410884 -2.566853
-4.267637 3.527827
0.819206 -4.046700
-0.911349 -8.960185
8.073155 4.184681
6.716838 -5.236133
-2.442223 1.496519
2.858569 3.021398
-0.218825 -1.768589
3.318901 -7.588211
3.726104 2.496879
1.815079 1.036624
-4.250177 9.619071
8.844872 -5.820064
-3.729423 1.057112
5.286562 -1.599989
-1.024882 -2.737924
-4.606803 -0.526633
9.699915 4.071971
-7.663711 8.598161
8.050266 -8.222844
7.773068 -1.834240
-5.240090 0.477119
2.484998 -8.129191
-6.183104 -8.983302
-2.285698 2.427763
-1.942222 1.273347
-0.933858 2.516291
9.766342 -7.611624
-2.779852 4.111883
-2.382006 2.425924
-5.131892 0.703228
-1.476045 -9.694401
-2.275086 -3.112101
1.712169 1.580839
-4.113820 -2.595664
-4.807564 6.170126
-0.239098 7.433199
7.978382 -4.033240
2.876987 3.021276
8.878793 -6.141878
4.268964 2.662986
-5.555626 7.977271
8.040045 -5.498393
-8.916706 8.776831
-3.519324 7.523748
9.098063 6.584650
-6.555067 7.259133
-8.811722 8.738175
-1.112971 -1.447989
9.241967 -1.829958
-4.204931 -1.799567
-8.561536 9.516033
5.601561 3.884654
-9.054362 -7.918607
8.096053 -7.057642
1.044745 3.589978
1.819254 1.971723
-3.629823 -5.108793
-1.896828 -1.447172
-4.884984 -2.042651
6.534605 -7.473347
2.232936 8.287736
9.545434 -9.234950
-1.762159 -9.703131
1.770003 -3.361355
4.656104 -2.860030
6.285782 6.154680
-7.227394 -1.004678
7.213511 0.917036
-1.110122 7.063829
1.049080 3.615148
-8.272437 -1.968693
0.641021 2.401888
6.879419 1.869240
-5.845837 -8.858942
5.660707 4.049669
-6.416291 1.484342
-8.639825 -7.372833
-0.908133 -0.380650
-5.278124 5.090189
1.633546 -2.977251
3.261110 -5.058036
-6.267915 -1.648222
-8.845929 3.734658
-2.822702 -6.817656
-7.904756 -7.029943
-1.552859 8.641544
-9.708477 -9.386203
-7.812856 -1.992953
2.813767 -2.945048
6.407540 1.586377
3.925459 -2.721099
8.665533 -7.160297
-5.964924 2.766720
2.303259 -0.469350
5.856597 -8.359339
9.927544 3.954630
-7.445100 1.586500
1.810204 -4.545372
1.101812 -7.283832
-8.815140 -9.084282
7.977161 7.425069
-2.315799 -8.194289
4.108738 9.887773
5.647239 -8.950777
0.970780 8.938465
-4.193826 -3.386490
0.218344 0.020656
1.550824 0.635346
-3.636892 -0.223773
-8.084760 4.329865
-3.855018 7.988531
9.666731 -8.859064
3.251809 3.906661
-0.521070 4.619093
2.948276 -7.886444
0.127938 1.016164
-6.643766 -0.813703
-6.970548 9.262116
3.372276 1.837549
1.459164 -9.214775
-2.760297 5.836498
-1.635640 3.795358
3.482465 -1.901057
-7.773409 -9.124486
-4.308272 -7.763406
-6.244326 -1.578768
-3.176136 -4.162421
2.367669 6.971012
9.437462 -7.098223
-9.786427 2.152377
-6.785884 0.756826
-5.595671 5.946723
3.436592 -6.466750
-7.360695 5.946951
-1.080079 -1.395474
-7.811838 -3.061067
6.692700 -0.922958
-8.568736 -1.578767
5.230940 3.183149
-4.590454 -0.871818
4.086859 2.238604
3.468709 6.877514
-9.288344 -2.018785
-3.148478 5.599742
4.130648 6.890031
-3.596056 1.515201
-1.030263 -7.028081
0.366489 0.377701
-9.794707 1.527681
2.617032 8.656825
2.368217 -6.174513
0.094125 -8.939703
-5.568810 2.871239
-3.263897 -8.312066
-4.659210 -6.094613
9.775489 2.628905
6.097181 2.751019
-7.065665 -9.354773
8.610496 8.149155
3.950049 -5.906363
9.301178 -9.257707
7.019837 6.753804
9.264640 9.802397
9.085487 -2.497861
-7.923673 6.650139
-2.636222 8.537880
-5.151776 -7.845257
5.406146 6.680427
-2.267849 2.589987
-8.523438 -2.893408
-1.064186 5.582082
-8.231615 5.323604
0.366760 4.950947
-4.367022 -6.803287
-9.447160 1.383761
-3.479799 -6.731095
-9.120179 -6.955065
5.040096 5.871304
9.821965 0.321636
4.617320 0.374378
7.790677 2.442673
2.098497 1.700955
3.422087 -9.014333
-4.396309 0.339819
-4.910103 -9.810165
-4.027681 3.848141
6.124257 -1.679318
-0.195368 7.768856
-8.034269 -5.858741
-3.096729 4.511742
3.836528 6.732786
-1.335482 -2.347436
7.908781 -5.456146
9.035222 -8.481758
-7.970477 0.178930
-0.276485 0.587137
-8.082266 -8.338726
-6.988300 -7.871805
-1.964965 -6.990151
-7.344971 1.626375
-2.630762 -7.243353
7.191624 6.880601
5.162984 1.279625
5.207080 7.791981
8.180139 -7.143080
-0.725876 -1.259637
2.260735 6.925301
1.707015 1.603263
-6.487413 3.994844
-3.698545 -0.078780
7.408968 -7.143000
0.977729 -1.113657
-4.950287 4.571345
3.145559 2.936364
7.556961 0.085725
4.235261 1.419213
-1.103161 -1.689223
-9.454808 8.254701
0.977648 1.969432
1.533653 -1.532492
-4.634743 -1.243572
-9.877698 7.664292
6.462519 1.520113
-6.919998 -1.578485
8.301389 4.937068
5.071131 -7.473089
-3.508029 2.202652
-6.989073 0.664497
8.112101 1.828161
-9.403421 8.355142
4.927509 3.316969
4.934060 2.025305
2.718128 7.786190
1.732711 -7.335460
-5.547764 -4.571905
1.047171 8.691383
7.247816 -0.676322
8.484012 -9.262302
-2.289003 3.538975
-4.533142 -1.578740
3.975938 7.795781
8.637966 5.250844
-4.045378 -4.319994
-7.743307 -0.649475
7.275704 -9.172691
-1.146441 -6.656071
4.306003 -5.561805
-1.658427 -8.763422
6.916657 -7.507090
6.414733 -2.179127
-0.751204 1.513560
3.008423 0.776093
-7.047499 -5.887677
-9.391442 -3.911715
7.679440 6.210674
-2.589160 5.380717
-6.485460 1.602807
2.966161 1.835990
8.395737 -3.881127
4.766979 -8.944624
-6.464335 6.969584
2.585075 -2.668195
2.386433 -5.087143
0.664391 -7.027760
1.140163 8.603594
2.598275 -1.403609
2.609320 -3.655758
-9.798418 -6.736759
2.654563 -3.428882
-9.003927 -7.998880
-4.746469 8.785915
9.713181 -6.375230
8.495703 -4.916493
0.463426 2.898661
0.884407 -7.328631
-3.713251 7.159804
1.362505 3.416450
2.668234 -4.189232
-6.269870 6.699175
-6.290931 1.294010
-1.933378 -2.391071
-4.522153 3.147183
-9.037827 7.620111
4.163266 9.712621
-6.786783 5.022628
7.293653 -1.300592
4.270789 -9.507966
7.008254 -5.915221
-3.288908 -2.386039
-0.808969 -0.501785
-6.486107 1.005128
-7.942694 9.102330
-5.863864 3.657507
-7.723814 8.340849
3.053379 7.808223
-8.991082 4.352602
5.472216 -6.567891
8.182498 -9.661322
-2.839199 -4.335862
-5.243409 5.808785
-7.786146 -0.287553
-0.367892 -3.594517
-2.691359 -3.434089
-5.157585 7.910002
-1.276027 -0.002223
-6.990827 6.364254
-0.443108 3.121626
-2.071425 -5.205206
3.466741 7.370961
-6.332223 4.062907
-1.043750 -6.624973
4.893793 2.240323
6.661279 9.909052
3.567662 -5.106703
-0.552615 4.335626
4.010622 -6.940025
-4.938473 9.865075
-3.230662 -3.053015
-6.913170 0.480750
-1.666700 -1.409536
-1.571633 3.547262
-9.193557 2.361440
-1.599544 -9.926704
-8.104941 6.044761
2.703942 7.006235
8.462945 4.156175
-3.842911 5.505397
4.014796 6.438317
-3.355917 -8.863801
-6.925866 9.514342
6.065418 3.218205
-4.359477 -3.641054
4.712898 7.776811
5.901628 4.876764
-4.060221 4.339186
0.872376 7.999275
9.707840 -6.153953
7.647609 -6.190164
4.899453 -0.993877
-7.523781 8.070059
-8.670710 -7.505186
3.764710 3.505231
9.259193 -8.075725
-0.167756 -0.826568
7.707015 9.523422
4.137085 -3.880209
-4.636182 8.597647
-4.389050 -6.599540
8.554799 1.071186
-6.183211 -4.232390
7.254226 -3.353521
-1.618643 -4.891395
-2.438258 7.570368
4.921059 -7.310854
0.513398 1.740280
-1.602404 5.113937
-7.686153 2.252451
-7.687093 0.745772
0.714653 3.551225
9.995916 -4.842341
7.222606 5.988558
6.532563 -4.730287
-8.877697 1.232623
-9.879105 -5.080464
9.924593 5.477413
2.913183 -1.741712
-4.436825 -2.619385
3.984092 -1.217353
0.282833 2.093783
6.053224 -2.969963
9.286316 -0.583922
4.267238 -7.940538
-8.963676 3.878688
5.822622 3.888391
-9.291015 0.034299
-5.529278 -7.511926
-6.992362 -5.803927
-0.500988 -8.470631
-7.992474 3.753310
-9.226297 -2.505690
4.150088 4.091666
1.457632 2.651548
-3.706351 6.922546
2.342394 -8.122907
3.411395 -3.125595
-1.215671 -7.480431
-2.009623 9.001572
-0.513269 -9.897937
2.125255 2.039909
-2.136641 -4.803185
-3.232244 -4.451208
-5.883509 7.711211
0.209695 -4.992700
-5.786733 2.874354
4.561812 3.401518
4.382656 -5.878711
2.237428 1.202025
8.633778 -2.483435
-2.253305 9.357602
-0.405902 -4.425283
-5.643729 2.498744
-6.217311 -4.925810
9.895685 3.616216
-9.324338 6.587724
4.886540 7.398699
6.947495 -3.104786
-7.078673 6.313355
-6.301414 -1.319327
9.798304 -8.885134
9.873111 4.290418
-2.910914 -3.780932
-4.175368 -7.252656
6.678043 7.312759
-8.017977 -2.050969
7.663432 9.622632
-9.342886 -9.303286
-0.075421 6.051314
4.165311 0.162005
4.970548 -6.641611
6.774845 3.899994
9.997207 1.494009
-0.341150 -0.498403
-8.129736 0.864194
-2.844585 -3.884599
-7.298251 -9.182841
-5.633603 2.710528
-3.898182 2.751108
-0.210215 2.145281
-0.569156 9.735563
3.341454 5.602947
-3.598444 -5.440046
4.321470 2.631092
6.556342 -1.912197
-6.822777 1.063075
4.259949 3.671102
-5.217303 -9.707429
5.395631 -1.762592
7.337678 0.595098
-7.347470 -6.410344
6.364678 8.192980
5.267922 -2.116712
1.595744 -2.208679
-0.311382 -0.671446
8.103194 9.142444
-1.531855 -4.612499
7.531350 9.388280
-9.736504 3.158797
2.416531 -9.179061
-9.487029 -5.912693
-7.189004 -7.683435
-8.425445 5.208352
9.748503 5.428451
7.487768 3.177639
-0.443093 0.344099
-1.219588 2.838661
1.102662 5.811394
0.290407 5.470428
2.774783 -7.288293
3.163164 8.477579
-9.401414 -8.561290
-8.246218 -9.170487
-3.611372 -0.574270
-8.695090 -8.742279
-8.869531 -4.116420
-3.239528 -0.174127
5.179215 3.612233
9.041703 -4.798392
-8.285367 -9.262709
-7.743217 7.266399
-1.172579 -3.894687
3.044087 9.255038
-9.675665 -2.251699
-2.541709 -7.959950
7.448986 9.493509
7.853878 -4.546948
-5.680675 -2.638500
7.810979 -4.054928
5.174499 8.717429
-5.065406 6.505153
7.291531 0.441421
9.826230 -2.704241
1.635741 1.247689
2.473802 -5.356160
-3.729761 -7.367886
-8.831393 4.711905
0.347349 -5.027237
8.289300 -6.492409
-1.366889 -4.189750
-8.474755 3.831643
8.524637 -2.409790
-4.205697 3.402545
-4.541916 -1.626416
7.715329 -3.617300
-5.526370 -1.940316
-9.427987 2.832422
5.036443 -8.002024
5.868336 -3.771068
3.160965 -9.256765
-1.645319 6.988141
3.120294 -4.878274
-1.013214 -2.614082
-9.495270 4.052122
3.600277 0.593226
-4.135813 -5.565027
3.645290 -3.384902
-8.655982 2.988325
1.597370 6.833383
7.550304 1.156812
8.587030 0.195048
-7.813162 -9.507993
-0.277001 -0.926914
-3.843815 9.340292
-2.516113 -1.172298
4.276665 5.577699
9.775004 -3.425624
7.202634 -5.003136
-9.210860 -8.791856
6.082440 0.291371
-9.160206 -2.519494
4.865006 -3.905081
6.048898 -0.207475
6.166780 3.408947
-1.730538 -6.539845
-9.620880 -8.375322
7.483092 3.593371
9.323948 4.143590
-0.012069 0.516665
4.199020 -0.401998
9.390569 -2.770310
-9.103332 -0.427710
-6.938993 4.707083
5.441543 0.468856
1.860772 3.187149
7.529023 -6.497304
-2.109995 5.107916
8.972641 -7.079994
6.622067 7.972986
-7.882470 -1.194230
7.981934 -7.575052
-8.616669 -8.864964
-8.646765 -3.720838
5.544047 -3.992619
-4.610748 3.687405
6.876613 -3.288882
0.025960 -5.307673
5.496525 4.513859
-4.510214 0.390012
1.157184 0.568662
3.467903 -3.332677
-3.991884 8.249511
0.123836 -0.444787
-1.021877 6.710805
-3.701617 -2.715128
5.042781 3.463279
9.262026 0.452367
4.114026 0.986508
-3.977987 9.861689
2.654322 -5.690206
-8.706735 -9.963922
-4.729845 3.645703
-9.590089 -1.326473
3.020836 -4.497852
2.208651 -1.264516
2.573860 -6.123282
1.924268 -8.510641
-3.351974 -7.015534
2.536461 -4.289739
-9.823143 -3.138993
4.387877 -0.574072
7.831421 1.836653
1.817925 9.408923
9.416309 0.891016
7.936930 1.938235
7.291653 2.295103
3.401754 -0.751028
-4.105792 -4.952173
8.667820 -0.230168
9.997212 8.964007
-7.858320 -7.913512
2.129886 6.227290
3.674094 -6.852504
-9.020416 4.438266
-4.839620 0.508915
5.156322 6.941964
7.781094 -5.137045
3.558755 4.891203
-9.038262 -1.237373
4.856144 7.018879
-6.854472 -4.951218
4.260156 -3.602872
4.637004 6.338464
-9.441244 -8.602902
3.797910 -1.455852
0.941344 7.839020
-2.498320 -5.389625
4.955590 8.772727
-7.904775 -8.020970
1.040889 9.146130
-3.487439 0.628986
2.036386 2.037920
5.548575 -4.832641
-4.681198 -9.877194
4.308852 -6.882666
-1.628347 -5.631857
-7.251161 -9.853996
-5.274928 -1.212933
-8.403813 6.202716
4.600964 -4.321591
-6.934764 7.902428
1.169781 -4.833892
-5.295749 -1.667042
-4.670262 -0.904815
7.575639 -4.430932
-5.616593 -2.242950
6.394440 4.339489
-3.395206 0.259876
9.348475 9.743495
-7.526366 -0.805936
8.587588 6.960213
1.665758 -7.402323
1.460026 -5.483972
-8.377891 -4.005361
-4.704666 2.296069
-1.769643 -2.881563
-3.625555 -9.181860
-4.717431 -1.197614
-0.855365 -5.012674
-0.793072 -8.133337
2.808876 -6.139754
0.965179 7.434710
4.016314 8.402516
-0.186162 -5.657486
-6.631178 -2.946199
-5.986892 3.183194
-8.745887 -3.112908
6.747173 9.246664
1.687493 -3.152081
4.000817 -3.291160
-5.137277 -1.970089
-9.646749 6.420613
9.992466 1.210407
0.726762 -0.022695
5.721913 4.970375
-2.868334 0.794213
4.726561 -8.306368
-7.221074 0.026594
5.965050 -0.603830
-2.928850 -5.972200
2.064027 3.163121
-8.264662 -3.696069
-2.758840 0.012083
-5.673129 -3.432799
7.044732 5.157039
-7.353096 8.377487
3.076149 -8.347369
-7.205336 -0.953672
5.813358 0.712848
-6.911394 9.079771
7.136945 9.456316
-0.372589 -7.857451
-7.625198 -2.748458
-6.032252 5.016826
-5.347545 -8.078725
7.156224 -5.904793
0.470667 6.316674
-9.118274 7.721681
5.587630 0.269662
0.345532 -0.933264
-3.347012 -3.569915
5.474313 3.554530
-7.306253 4.238757
-2.418919 6.110597
-6.413689 0.707771
-3.722785 -7.061683
-4.805634 -3.791927
8.419203 -6.003709
-3.948001 0.876984
-8.269632 9.477504
5.869168 5.295689
0.598275 -9.020493
-8.108269 -5.580408
2.652903 -4.459683
-0.730740 -4.880801
-5.944532 -2.875925
-3.564320 -2.644618
9.367492 8.091321
-5.853881 7.022392
-0.783981 -9.646391
-2.770318 -9.285898
9.521508 3.687730
-4.978188 9.076181
5.667988 2.707046
3.283937 1.906051
8.064544 -5.134051
-1.343673 -8.121543
-2.384994 -8.129876
-0.002382 -7.821954
4.877592 -4.625470
-5.742374 -0.757711
-7.430257 8.574784
9.655011 0.864484
-8.151112 -9.098166
-8.883656 7.288311
-8.144954 6.091080
-9.791058 2.772069
3.557310 2.313607
-8.103271 5.974434
-0.385161 0.649676
-5.465956 -5.672053
-6.415540 -1.936125
-2.632810 5.153327
-3.643523 -2.745017
6.568207 2.266855
-2.893147 -6.983879
-7.665170 4.285358
8.284139 9.700979
3.502580 2.860457
8.009852 2.236751
3.093332 -5.851931
-3.988169 4.484042
6.733791 -1.612685
6.867475 3.206979
-6.592134 -3.791341
-6.105724 -7.661117
-3.883616 -7.644946
-7.190921 -7.243418
-5.358666 -2.498672
-8.456226 7.242102
8.349263 -9.295350
-7.929429 -0.928901
2.674429 -1.304729
-5.883516 4.200175
-9.995969 -5.411926
0.658745 8.951538
-8.672111 2.304030
-7.610068 2.839858
7.109581 -0.065689
-8.964233 -0.024697
-9.700065 1.131287
-0.000603 7.680721
-2.792134 -3.021918
-3.869983 -5.220874
9.198284 0.515984
6.762076 -7.225746
-1.731591 -3.225109
-1.223338 -1.145735
2.735687 9.222538
9.735294 -5.256221
-1.547163 0.996396
5.546401 -0.481771
-0.675833 9.374801
-8.000056 5.809706
-2.860406 7.145644
-0.156232 -8.009566
7.537300 -7.812502
-5.339552 1.203011
-5.147651 -2.245411
-2.940913 5.650918
-3.584053 1.620110
7.995987 0.839516
-9.054148 -6.536897
4.410118 -3.156760
-1.331343 0.286107
-7.453992 -3.973648
6.133892 1.176146
1.758637 -9.706135
3.863276 2.273199
5.100315 -9.505342
-8.229437 9.305707
-2.665027 2.196194
4.550806 5.787355
5.341190 -9.145045
-5.162404 2.202878
2.855312 4.284369
4.280677 -7.108839
-0.025398 2.481890
-2.622160 3.415073
4.474604 -1.686547
7.954879 8.798260
-5.870449 -7.942829
2.840613 8.102975
-4.249840 9.944485
8.545611 7.857919
5.644702 0.552673
3.889901 -3.769672
6.863623 -2.164049
1.617614 0.576539
8.282374 6.809111
5.907614 -2.257915
-7.585717 1.075209
-7.145805 -3.553871
6.265457 -7.706209
-7.241527 1.011454
-0.193650 6.681125
7.218056 0.058530
2.898408 -0.029657
-8.694617 -6.189296
-8.401475 -9.217844
-7.137928 -7.700990
-2.606950 7.016069
3.929633 -1.371412
3.834985 8.853886
6.593125 5.957359
-9.916646 -0.999363
4.092475 -4.683030
7.818704 -2.623775
-7.264826 4.136426
-2.673400 9.453704
-5.133460 0.769815
8.635242 -2.671569
-6.905469 5.739163
-0.141311 -3.593133
5.248136 9.891974
8.739375 -7.651453
4.228761 -9.209886
2.815612 8.652130
9.052079 -8.776995
-5.553848 3.141358
-0.244037 -3.772582
3.899954 3.619895
-1.170809 -1.053443
0.411019 9.213338
6.327228 -1.737317
-2.834120 -7.662870
-5.297808 -0.257947
-6.682055 -8.031777
-9.315942 3.076451
1.338640 -5.349522
3.974590 -4.195732
-6.153195 3.918532
2.053274 9.904132
8.323465 -7.986753
-7.371000 -6.932509
3.592241 -1.662388
9.177749 -5.767993
-6.886402 -7.826436
0.220108 -6.100857
3.244329 3.405553
9.080623 2.291987
-5.220367 9.461006
-0.537844 -2.332476
-1.775044 -3.213966
2.245283 9.315492
5.007406 1.821322
8.911051 6.951861
-7.434935 5.620648
0.009912 1.555475
1.197646 -4.639912
6.658982 1.635081
-1.112233 -5.589366
-3.053345 6.165327
2.595050 1.686020
3.394081 2.571807
-7.857390 -4.912469
9.246077 5.633070
5.368005 6.414403
4.616522 7.629614
-7.944594 -5.258102
1.964936 5.341370
7.113432 -2.661861
4.411082 8.551190
8.262698 3.078627
7.155557 1.331509
-9.882059 -0.761910
1.899137 9.015001
-4.185770 -0.098064
-2.823716 -4.046732
-0.352117 -8.084341
3.054560 -8.435390
-6.247879 6.110040
-7.931858 -4.268605
9.884184 7.662556
7.670704 -4.713831
8.948953 -7.185102
-4.486937 -6.823300
0.441300 -4.154084
-4.781352 5.262975
9.380650 1.890812
4.932307 1.270941
-3.152044 -0.227644
-4.915145 1.393855
8.623080 -3.589043
0.021117 -5.022968
1.168931 -7.911125
6.810175 -6.194722
-8.116772 7.609809
8.942394 6.827638
4.513680 -7.377100
-0.863889 4.734758
2.998723 6.953650
-5.434145 -7.090578
-3.148001 -5.469981
-5.680926 0.551905
-6.097753 8.271609
-1.792585 3.602890
-8.399148 -5.295819
-0.176828 9.745878
5.923580 6.770838
3.127208 -0.568468
8.463491 1.072162
5.322736 -1.142000
-4.888322 -7.711639
0.930192 -9.000178
9.485135 5.644691
-9.640212 -4.974068
1.996177 8.578937
4.543241 4.947612
-6.107707 7.964596
-1.925882 1.899020
8.614339 0.902354
1.197374 -9.913350
3.360486 -4.665220
1.734330 7.480719
-2.800620 -9.009052
3.063727 1.741678
8.347580 7.625756
2.978310 8.554573
-4.539863 -0.100597
5.991476 -1.962283
6.626005 4.838852
0.444047 -0.416021
9.137634 1.702015
-6.628060 -7.054787
-7.155510 -4.063408
3.946436 5.279464
9.804817 0.570846
-5.019427 -2.794056
6.588097 -8.692053
-5.919005 -8.524940
5.688042 1.882523
-1.667762 3.662882
-9.935935 -4.155542
-3.350064 -3.230850
-6.642497 -5.013869
-7.659177 3.993003
-7.832485 -5.542434
7.160769 -5.187757
-3.229248 -1.362553
6.384951 5.664153
1.504133 -3.560999
5.725078 -3.602377
9.756109 3.009275
1.919587 -5.099686
-8.922289 -2.661005
6.626800 -6.663976
6.342420 9.045575
5.578950 4.859188
7.870367 7.434541
7.011207 9.145122
-4.579244 1.547570
-5.171000 0.582421
3.959156 6.750323
-2.758384 -6.784444
9.729353 5.206157
-7.818031 -1.357244
7.885822 -6.117467
9.544886 -5.586077
-3.643358 -4.307701
1.286952 -8.450612
9.200416 -5.403178
-5.475095 2.891136
0.349696 -5.475929
8.028614 -2.906427
2.855982 -5.396792
-2.276667 -3.811645
-1.157751 -8.507947
0.588564 -8.699022
1.837069 -1.875265
7.378778 -6.883429
3.237383 -5.946940
6.086261 2.824943
-9.715309 2.465162
-4.631946 -6.827770
-6.938057 0.783127
-1.789217 8.253280
4.709722 -0.176105
-7.477905 -7.590805
5.021054 -0.957167
-3.593287 8.104854
5.949541 4.507968
9.793129 3.622682
8.661686 6.633182
-5.813967 9.591438
-0.316517 3.527524
-9.635780 7.986062
2.550488 8.088597
5.264194 -6.549592
-0.583404 -1.975423
-7.817737 -1.979756
-0.144030 -9.163245
3.234193 -4.648089
-4.241304 5.485618
-7.043556 -7.482310
-1.426338 -6.582414
1.344943 -6.585293
2.543357 9.280696
-9.249906 3.334740
4.964772 0.465574
5.986397 -7.415190
1.321299 -1.431698
-7.678908 7.816389
-4.550526 3.083129
0.695856 -5.521116
7.126001 3.807268
8.418688 -8.061288
6.048404 2.783061
4.797660 8.716095
-2.564051 -4.272433
0.995249 1.466595
2.135239 -3.187684
-3.525933 -7.285849
6.288316 1.644777
9.557100 -2.192984
-5.512187 -0.226695
4.338549 -1.313241
0.626717 7.133305
-9.318609 9.901302
7.090922 -9.235253
-5.317642 1.515773
5.366364 -6.971605
3.033673 9.153370
-7.352468 -4.844016
6.853622 9.108684
-5.756703 6.497182
-2.663118 7.353686
7.859250 6.889560
-4.470145 5.660571
8.345601 8.570833
1.541195 -9.905908
-1.145268 8.686543
-1.803007 7.225496
-6.096405 3.502367
-3.477984 8.343000
-3.171325 -6.324061
-2.023493 -4.124627
8.525142 8.110388
7.947840 4.197092
-2.634684 9.427509
-9.526438 -8.271970
-4.550699 0.101192
5.434382 0.746707
-6.238037 5.254529
-5.853187 4.501944
-9.796584 5.112728
-8.415704 -3.023346
5.758872 3.963536
-2.369689 -1.387325
-0.359449 9.674891
-2.825460 -9.965861
-0.895746 -8.213233
-7.843829 4.214417
5.355844 -3.408761
8.742897 -8.315543
5.863865 8.090463
7.007053 -3.341654
-6.619612 -1.172066
-1.623924 9.987264
-2.314509 -2.992303
4.234099 3.380106
1.076158 9.002919
9.471943 -2.654729
-4.054574 4.371747
-9.806336 4.840727
-3.709668 6.026420
-3.032947 4.511904
-6.228245 9.936029
9.255187 -8.067240
1.683679 -9.634545
-7.922563 7.455008
5.063707 -8.655782
-3.879178 -1.951021
-6.417247 -9.690578
-6.584245 0.026852
-7.582507 -6.459606
-3.141730 3.831721
-7.856525 7.766661
-7.385080 6.425796
-4.838039 -3.278179
-0.120715 -7.333330
-4.796591 5.322624
1.783527 1.997757
-5.212117 9.620607
1.436466 6.720519
-8.493231 3.018830
-8.581410 -2.006080
-9.606334 -9.968661
6.676197 -4.957912
3.769475 4.636087
-2.499138 -4.479983
-8.177703 -5.223235
-1.528567 -8.992167
-5.555432 6.184200
-2.532655 -3.796156
-0.752320 7.779548
-0.378859 8.612870
9.440897 -8.852277
8.500467 -7.342781
-5.856960 5.375721
3.673531 -6.192935
-2.252390 6.759300
9.771157 -0.878975
6.835414 -2.076681
6.437806 4.845136
-6.960455 -3.038762
-9.598254 0.097427
-5.006408 5.947516
-6.646635 8.430602
-1.401896 -0.976671
1.785434 -2.882320
-1.683824 -2.929546
9.623726 -4.353930
8.165914 2.000152
-0.633575 -2.072871
5.470087 0.956114
7.216470 6.999655
-0.404089 5.663901
0.580947 7.306941
-9.128849 -4.587936
8.596542 7.545958
-2.202651 -3.886971
7.649538 -9.830410
5.690637 -8.104675
-9.638054 -8.971386
-8.261845 2.443163
-4.480908 2.272800
7.959488 -7.662897
-2.602070 -8.147610
-7.946432 -3.637144
2.638111 7.934311
2.559375 -3.127730
-9.142247 -7.310044
-4.539332 -3.021713
-6.598484 -8.498072
5.707017 -2.691013
-7.711980 3.296375
9.681635 -6.670981
-8.318450 0.147324
4.615539 5.583536
1.426981 -2.387047
-5.235538 0.831428
6.158916 -2.162656
0.765117 2.732000
-6.664666 -1.484712
-1.284107 3.622735
-1.479629 9.498736
-7.063214 -1.939483
1.828935 9.542512
2.694774 -6.144746
-8.283508 7.613499
-2.924370 4.482257
9.372795 5.268168
7.439716 -3.806557
8.012151 5.320690
3.358007 3.069213
5.003929 -1.293342
4.927537 -5.962625
-1.179748 -5.294317
5.007187 -4.741518
-4.352520 5.227720
-3.546602 8.877010
-8.041401 -6.397587
9.334600 5.422849
1.081625 -6.647176
6.898555 6.538345
-4.793730 -2.706425
9.975104 -4.291229
-3.661916 -3.075334
2.066237 -1.503658
8.580054 2.013549
-0.490553 0.070415
-4.931563 -6.774790
9.499692 -1.400384
-0.616948 -9.902202
-5.022437 6.651987
6.010522 -9.765325
-3.465137 -8.712900
8.333391 2.348943
-1.691496 0.909588
-0.357042 0.210263
7.201688 -0.955496
-0.596728 0.311654
-2.668679 5.058626
2.908159 -8.192295
8.424494 1.074548
-7.657461 4.776993
8.916390 -6.351476
-8.339444 0.159544
-9.901724 0.199435
1.901613 -8.901342
-4.299295 -1.931350
4.839467 1.885628
-7.915492 5.925002
-3.309122 -6.999256
-0.818142 -0.977633
6.956130 -8.856525
-4.690832 -0.352621
-7.415772 3.049298
2.318767 -6.842666
1.491512 9.493957
-6.098137 9.538374
6.757401 2.417167
-7.235538 -9.473460
-8.596317 3.643422
7.060338 -0.362457
-5.478447 7.766562
6.456144 -3.538829
-9.675931 4.736650
-2.551651 5.751895
0.379857 -4.319212
-4.111493 0.071953
-1.098558 -7.810469
0.986091 6.018845
2.679580 -7.765066
9.479240 5.649626
3.814980 6.447956
-0.663898 -7.638170
-2.827216 -7.358870
6.659149 8.168293
5.052397 -1.759682
0.216932 4.330800
7.150986 -8.762509
-4.020218 -8.139562
-7.281031 -2.886711
-3.510301 -3.705399
-8.853310 -7.266075
6.967945 9.021249
-0.027516 4.228284
-5.307982 -2.539051
1.278711 -2.153773
3.815972 -6.900799
1.553429 -6.499302
9.759852 -9.040599
-7.050607 -0.122209
3.131744 -4.524494
2.384247 -4.730285
1.195352 4.662969
-9.749631 -2.225100
2.405152 5.920437
-7.173487 -2.648271
-1.937629 -3.324139
-5.223951 -8.705585
-8.519849 0.153600
4.436367 -9.538256
3.054656 0.956011
-5.659261 -3.409510
-9.837101 -1.372905
8.945828 -0.911698
6.614794 3.950279
3.283766 6.185327
5.213967 4.438677
-2.930627 3.338561
8.310919 3.218856
3.341685 -3.674355
9.357476 2.689139
4.712000 -5.447822
8.596870 -8.928507
2.555946 -6.807981
8.546620 -8.206152
6.887841 -4.074426
-3.751752 7.342320
8.697970 7.966321
-0.112557 -9.822249
-3.138633 -0.583518
3.221325 2.546634
-2.860417 3.527589
9.435159 8.017984
-3.783083 8.827760
6.275603 4.323269
1.717892 5.110335
0.169059 -4.811570
7.343512 9.960751
-9.021664 7.330795
8.730700 0.143628
-4.487041 -5.202291
9.539052 -3.618186
-9.416323 -7.704612
-8.844520 9.491561
4.217171 3.677504
1.969954 -6.337543
-8.633450 9.199962
4.567895 1.395545
5.090864 -6.299518
-8.134641 -6.100773
-2.098932 0.756953
-5.549180 -3.440653
9.015217 2.586307
-2.840462 0.357498
3.673499 0.342119
-1.719462 -8.609228
5.607409 -8.004354
4.207804 -5.332862
-9.946439 0.597991
-9.231364 -2.875680
5.108902 -1.323909
3.107880 -3.122416
-1.460551 -4.448054
1.843237 -3.265225
7.124913 -0.488463
2.972156 -5.743013
7.016519 2.619204
-9.814757 -8.873595
5.607730 9.087557
-2.467551 -9.940564
-3.200344 -4.564686
-9.230186 3.669327
-7.506775 -8.310280
-0.869895 0.330254
-7.058699 1.212734
-6.128618 -8.679600
7.392304 1.491951
9.414374 3.401036
-8.247673 0.909298
-4.999433 9.922574
-6.567747 -1.531427
9.284450 6.249513
9.105839 -4.367964
8.157873 -7.573020
1.707038 -9.067228
4.395473 4.705119
-3.973160 3.426142
8.567551 -3.681043
0.394574 8.970299
7.906273 0.567012
8.481953 -0.276989
-4.260884 -1.143736
-3.956029 5.990771
-8.732145 -1.606265
9.676562 6.385274
8.733927 1.535130
6.623362 -2.085873
8.752884 8.207435
-5.166255 -1.347203
2.063772 7.405502
0.828752 -3.033892
-6.039626 4.714048
8.420876 6.109374
1.058220 8.248682
4.126410 -0.658734
-9.825629 -8.334621
-9.440758 8.015670
2.740624 3.211577
3.178840 -4.812005
-5.985974 5.907328
-6.824785 3.610477
5.462638 -0.360287
-6.681481 3.972154
-4.828231 -0.899914
-3.433326 -2.755651
-8.485758 6.763462
-0.806966 0.506813
3.047542 8.960342
8.855325 1.538017
0.711872 4.801316
2.870567 6.161889
8.822209 4.303337
3.844792 0.554216
-6.962354 6.095506
3.045964 -3.564559
-6.428387 1.273157
-8.051708 4.646230
-3.886602 8.961466
-3.636542 1.675933
-3.475640 -3.825360
-9.193258 -6.432248
8.630353 3.263190
4.994856 7.954851
6.577274 0.278385
-3.092362 -9.914525
0.206595 -6.819387
7.340409 -8.709438
4.361600 6.676586
-3.173765 6.456339
-8.591667 -3.354977
2.703868 0.984620
7.096946 -6.162443
8.790904 2.160798
4.122057 0.233057
4.550254 7.512012
-4.523142 4.160002
-9.173483 8.463133
9.466983 0.065336
0.272839 6.879830
8.014881 -2.181119
4.663583 -1.755866
8.298730 -9.447813
-0.249875 -0.269625
-4.481052 0.301223
-3.975113 1.924876
-1.497967 -0.466329
-6.316979 -9.282129
5.899344 5.918173
7.011307 1.201091
5.221795 3.037793
-6.532236 -8.523510
3.724304 1.710800
-3.510374 9.112630
1.955797 -3.976255
9.956775 7.439314
-7.945017 4.387817
6.003108 -2.786173
3.837668 4.342664
7.092553 8.034547
0.247800 -4.994955
8.075405 0.814926
1.910738 -9.603229
4.405362 5.822446
5.122746 6.705532
-8.399681 -3.886695
-3.163858 8.017843
6.275838 8.782620
7.185605 5.312162
8.727913 -1.233505
8.706520 6.007984
-5.097305 4.652367
-9.626416 -9.038492
9.873101 -4.889068
8.563967 0.872649
1.174058 -9.224774
8.363789 6.310093
5.841565 -7.229039
-3.723429 -7.337691
-4.990975 4.157568
4.693555 9.611452
-6.547932 -2.176887
-7.440231 9.742812
-4.397037 -9.842164
7.276648 -9.102821
1.649014 8.302294
-9.114279 -9.482189
-5.633678 -1.562862
4.874855 -2.300037
0.275713 6.818340
3.948677 -2.149278
-6.050560 -8.363418
4.337741 8.690439
-3.254777 9.246663
-3.173786 9.953422
-6.092192 -7.320749
-7.461825 -1.712274
-3.634622 -6.858780
-6.483127 8.371464
7.850832 -2.392950
3.979957 7.758573
-3.201949 -9.379869
8.174564 6.227558
-5.801864 -4.444451
9.222100 -1.796451
9.329709 -4.926272
-6.247257 -9.715916
-7.310531 1.956402
-9.747088 -3.061183
1.831982 1.440632
-4.539534 8.677047
2.154293 5.274724
0.486243 5.696831
6.649858 -4.777446
5.007476 4.781399
-7.730172 -9.162877
-4.024649 -0.376480
-7.291801 2.393957
-4.014122 4.381573
2.404980 2.740176
8.291148 7.399467
-6.915299 6.294170
8.516846 -9.813851
8.882998 -5.885622
0.134438 5.519831
-7.367703 -1.440989
-4.191612 7.121870
-0.822289 4.489680
6.775473 -2.528860
-5.539799 5.362229
8.814051 3.121242
4.928263 4.156050
2.192638 -1.994677
4.049714 -3.929850
-0.735817 -5.939702
-5.438195 8.966098
1.560582 -0.532492
-1.210566 9.267931
3.656850 -5.039519
5.331499 -9.871185
3.865928 6.135460
1.897661 6.575354
8.615049 -0.684697
0.589895 -2.630745
8.089436 3.646483
-0.886629 7.555220
-6.231785 6.860689
-1.774732 2.122320
8.623150 -0.423610
-8.451335 -3.781130
4.177453 -3.561911
6.654093 9.112294
-5.969650 4.986825
3.390458 8.566970
9.697196 6.597277
-3.821827 2.310597
-3.633630 5.438615
-3.334468 5.206682
6.039378 7.402241
-6.152251 8.139491
-9.110231 2.558552
8.976124 8.982727
-1.399712 3.194546
-0.673884 8.460827
2.764535 2.139850
7.955398 -1.081980
3.311728 -3.693871
2.354166 7.897572
5.677729 7.587433
-6.532568 5.977877
-5.008575 -2.228470
-6.693404 4.584265
4.792453 -2.807668
8.549961 2.383110
-5.878731 5.802353
2.392704 1.856909
-3.696390 -3.205494
-8.645788 7.296222
-4.363666 5.259342
1.304647 0.331819
4.472237 -2.808737
1.819244 1.454492
-0.840877 -2.672973
5.340730 -5.126937
-1.549918 -5.089569
-8.295037 -2.202570
2.290130 -7.694039
-0.626310 2.834397
8.251451 -6.493382
6.632373 -1.934736
-1.341390 5.448645
2.945807 -4.402704
7.179674 -0.268611
0.645619 8.779474
-0.239240 3.409421
-1.255496 7.878052
3.275570 8.416753
-0.148577 -1.480729
-8.261994 -8.541251
1.042145 -5.643660
-6.762897 0.834848
-7.787785 -8.316293
7.576287 -2.071737
-1.425801 -5.293576
8.683912 -6.319580
-0.877493 5.864861
8.458394 -9.944320
-3.333497 1.049799
-8.777564 -8.712312
1.014013 -2.475862
4.084155 -3.973912
-4.888012 8.583524
1.531099 -5.528501
2.506107 -6.408736
5.071462 6.563276
-5.722165 -4.706289
0.183817 -3.033999
-6.591902 3.362197
-0.620915 1.399168
-0.539206 3.513227
0.027139 -9.766122
-4.927406 -2.261209
0.111864 -9.181330
7.067415 -6.183281
-6.441426 9.119313
3.998095 -8.375644
4.210511 7.233730
-9.263826 -3.624996
1.318521 1.422423
-0.420052 -5.814169
-0.974319 8.597889
7.537177 -8.709765
0.465676 -6.391396
2.282464 -8.578340
7.413944 3.560886
3.543512 -7.762293
-1.232222 -6.125709
3.062162 2.328209
-6.752859 3.845989
2.734097 -8.472936
2.275353 -7.053540
-3.730129 1.999945
-0.742927 3.040461
-8.644371 -7.047123
4.146805 8.494270
-6.815414 -1.741271
6.920889 -5.276865
-7.761707 -0.066412
-7.846443 5.811248
-9.335711 -5.479958
6.345649 4.422226
6.559756 0.553538
-3.586228 3.790528
4.339040 1.758383
-1.009250 -7.920943
5.398623 0.419644
-5.279926 0.658238
-2.271179 4.648683
-6.146799 5.819105
-3.036568 5.806751
3.188506 -0.737001
-2.751922 -2.329017
-5.274553 -2.994892
-8.606920 -1.962587
-7.294582 0.077432
-9.015662 -6.230987
4.301142 -2.260199
-2.294829 4.662888
9.228962 2.007805
-3.215765 -2.769128
0.133245 -5.744468
-8.388931 -5.508153
-4.598938 -5.848899
-2.338709 8.674851
-6.370370 6.467547
7.286958 2.810733
1.286461 -2.812727
2.837604 -4.159440
-7.721630 0.565256
-0.186714 -9.142621
-6.313443 8.903035
8.392855 -5.524181
0.537180 6.583957
-4.860826 -0.956652
-0.620964 -8.421903
-8.656584 9.738031
-7.798718 7.205035
7.092152 1.628764
3.020786 -5.475336
9.601239 -5.542685
-1.460078 2.781349
-2.016954 -9.184439
8.886180 5.059731
-4.310935 1.011297
-8.649107 8.888902
0.593465 -2.084069
-0.508881 1.850288
-2.739323 -9.871760
-0.245207 -2.297194
-6.657015 2.763524
-7.638352 7.640849
2.386261 -3.868832
0.910901 0.362350
-9.255783 6.405001
-9.938474 3.162050
-3.850027 -4.631948
-0.778578 9.306954
-9.593460 2.884422
-0.763016 -5.048510
4.976619 9.194324
3.547591 -0.436501
0.376995 -6.790684
0.557782 0.957356
-5.477240 6.172736
-9.929543 -6.746074
-7.246296 3.657078
-3.144427 1.526308
-7.371193 9.682040
1.396866 -4.526048
1.651786 6.022186
1.467153 -3.338691
-7.103899 3.663249
3.453184 3.894099
7.580533 0.292547
-1.034128 3.787815
-0.972200 1.332596
1.553260 6.238034
-9.655635 -8.549547
9.125198 -0.739737
4.671301 -7.257322
-1.912446 -9.716314
-6.541296 1.725484
4.174742 -6.396863
0.194021 8.799468
2.427236 0.611671
-1.570235 -3.890624
-2.980941 -2.690044
0.202923 -1.743895
-4.471122 6.456035
1.005456 9.787992
-4.391972 -2.475099
0.008144 7.941414
6.887404 -8.044891
2.857682 5.866226
-6.504408 -7.698171
3.237694 -2.745132
0.776715 -5.146311
3.851119 -2.792938
-9.887469 -2.532925
-7.893483 5.577740
3.633257 0.319080
-9.376119 6.656361
-6.566151 -5.923227
0.794924 -2.198920
7.120765 -3.195238
-4.669245 -7.123629
1.170330 1.074802
-5.354708 -9.654018
-4.593575 -0.741511
0.168176 -8.028170
-5.362404 -9.263826
-2.710695 -7.979667
-5.052121 4.014588
-4.132378 1.318827
-1.477614 -9.726741
7.950064 6.616589
-9.732648 9.051964
-3.908576 -2.821716
1.947758 -5.745097
-1.533134 4.643590
3.837958 8.068638
3.730000 0.201996
-4.065628 -5.118542
-1.238898 4.190917
1.667650 7.980769
2.563739 0.885277
3.156928 -8.646111
9.762530 -2.883704
5.430997 -0.590119
1.474646 0.868924
-1.182578 5.553820
-3.140741 -8.085807
-6.292214 9.121910
-5.003216 7.208331
-6.773468 -8.868409
-3.890891 5.240870
-8.416513 -5.831736
2.015864 2.809434
9.023484 -7.946194
-6.269569 4.535193
1.872723 5.844155
-3.707219 -2.872806
-8.249905 -4.661756
-5.222365 9.254306
7.912961 0.600985
-6.587142 5.829065
-6.024749 -0.404106
-9.373235 0.545233
0.142774 -7.881420
-2.488679 0.450576
8.734817 8.206795
-3.758818 -1.008407
-8.956030 7.126999
-7.978347 -0.838794
3.513262 -2.145793
5.880386 9.022408
3.233848 -6.933979
5.038394 -8.723056
-7.471847 0.331164
-6.749519 1.143153
9.661066 -2.519997
-4.493922 3.785720
-1.330401 2.655744
-3.676074 -3.577741
3.726584 -4.850726
5.168217 -2.378222
5.781724 -7.932400
-6.000240 3.420214
3.860042 -1.549812
2.119402 3.746356
-1.159465 3.178505
-2.777638 -6.366453
3.309284 2.193413
3.523021 3.555580
-2.729671 -8.264936
-8.417046 -7.059443
-4.559596 -9.447000
4.455574 5.642454
-2.206282 -3.763551
-5.621933 -7.480170
3.204225 -0.532022
-7.010059 -4.176475
-2.652209 -5.774426
6.790037 9.379463
6.681014 1.670367
-5.334706 4.696385
-0.791615 -8.627339
6.178150 5.078158
6.668880 -7.317899
-9.856983 -6.309544
-1.099710 -3.122810
3.538089 -2.866376
6.233403 -6.728915
2.245078 -5.381428
7.052542 8.629034
-9.669470 0.628271
9.243556 2.251214
-9.600459 -0.798474
7.127540 9.860862
7.220772 4.525605
9.816451 -3.293678
-9.786442 9.855606
-1.121391 9.301510
-8.305138 5.811062
6.663406 0.775099
-9.684308 2.921354
-8.572957 -1.709638
-9.080967 8.322863
4.976047 7.465361
-8.018248 4.466091
8.475214 -3.454339
-8.905954 -1.005706
-8.860747 -0.616396
5.591655 -1.468605
-7.165906 -3.900169
6.534449 -3.882008
-4.676467 -4.779802
-8.477692 0.359982
-8.883579 -3.826769
-3.083017 6.811005
-7.535204 -1.996100
2.259927 -0.626538
-3.136810 -7.869106
-2.652463 -2.565642
-5.777678 -5.691926
-0.171547 2.703990
6.811499 6.066178
2.404248 0.224270
-1.676635 -1.943209
-5.384329 -9.724306
8.365444 3.604314
-5.113670 5.982299
-0.098696 0.598856
-7.295741 5.038162
9.675816 -5.591228
-1.502323 -6.176695
5.985783 7.765673
-9.402832 0.830671
-6.237985 0.172665
6.543777 8.421202
1.698608 -7.894374
3.747440 -6.373332
9.617305 2.260839
-0.585945 -2.641415
2.905894 -4.411214
1.809186 -0.713356
6.482556 -8.916678
5.353771 1.461195
-2.409765 -8.685548
-6.160963 5.310897
-0.749276 2.080900
2.922126 -5.655994
7.548483 -6.356952
-5.507568 -7.771624
-1.525429 7.794481
-0.429045 -8.636966
7.478040 -1.122314
-2.610852 -2.236982
9.390661 0.917785
3.062363 -7.263168
-2.539442 -8.565616
9.647355 -6.131170
7.855584 -4.665321
-2.628400 1.942158
7.057877 5.010320
7.677414 5.970334
-7.684940 2.854706
-2.147135 2.956196
-4.278516 -4.081572
2.065050 -0.542835
-2.506503 -0.407007
-7.531729 -5.914859
1.203124 7.861555
-5.531136 6.366040
4.700091 9.812000
6.731164 9.499435
9.983483 8.512931
4.962639 5.109790
-9.976059 -9.640741
-6.785564 -8.889399
2.447058 -4.909231
4.704992 5.974491
6.611070 2.730231
-7.623376 0.323025
1.953242 4.268005
6.179100 8.883666
-0.476665 3.263652
-2.289964 6.962771
-6.152454 3.354789
-9.570091 9.774785
0.899224 2.568580
2.839955 -5.427197
-4.476627 -7.066422
-0.886428 -7.770747
8.063787 6.644749
6.638945 -7.151500
6.662579 -1.482790
7.684702 -7.692287
9.399246 3.294682
-7.118643 -7.970421
-0.972586 1.899136
-3.642264 4.814653
7.961800 -8.873838
8.106845 -3.256737
4.810630 -9.648849
6.179570 -5.904396
-0.893201 7.711762
1.822007 4.543237
-5.162253 6.885043
-6.808979 2.907327
-3.325380 2.713378
-5.405702 -3.918470
-6.608732 -2.906204
-1.955163 -4.157322
3.975458 -3.435800
0.911144 5.811585
-6.236068 4.455144
0.019137 0.591237
-3.549415 -1.540983
-2.160121 -3.932725
8.716945 1.521067
-1.354652 -1.393240
3.209917 0.410796
-6.930366 7.054139
9.703267 4.884547
-7.480706 -3.203486
-7.942258 -2.287660
-0.781880 1.926224
9.465766 8.662658
-7.589594 6.785086
2.751448 -0.154988
2.045450 4.331701
1.061850 8.576882
2.974453 -6.813911
-5.312514 -5.710038
7.911821 7.875617
-3.539599 9.766747
-6.269635 -0.112185
-0.619846 7.397551
-9.534121 9.308431
-5.065528 6.004384
4.760480 -2.796546
1.166945 -7.384685
-6.087518 -9.556186
-5.657961 -1.144709
4.886411 3.613560
-8.512915 8.866998
8.049908 7.718266
4.286287 -0.745232
2.289374 -1.451430
-9.603052 -4.786061
8.027443 -2.162175
-1.456649 -5.623890
1.659491 -2.254941
9.384041 -2.739238
3.419371 -3.997353
-8.255271 -8.611207
-0.687057 7.077406
3.809715 -9.169976
0.367896 -2.670105
2.779574 -3.197303
1.253348 9.251308
5.760560 -7.456575
0.756456 8.707752
0.978236 -7.669856
-0.755463 -1.717426
0.894215 4.160127
-3.083055 9.895168
9.032789 1.811672
-5.069474 4.051638
-4.837433 -6.862837
8.968521 6.213038
1.793213 3.538319
-1.916783 -8.375281
-4.599941 9.283572
9.774596 2.784277
-3.549290 -0.193092
-5.123205 -6.869924
4.529608 -3.875144
-4.684008 -8.023689
8.542200 0.768828
-1.915386 -0.277536
7.093832 3.229203
8.118817 3.609655
-7.498363 -0.734652
-2.647899 8.661030
-6.607823 8.265050
-4.306344 5.833186
-4.412248 8.763259
-8.802120 2.487766
-7.626083 -9.890265
5.940324 -8.964646
-2.603751 1.216858
-2.157093 6.337701
-3.135663 2.696971
1.844023 -4.324056
-5.074580 -2.717051
8.612024 -7.034813
8.511948 -4.783656
1.158709 -7.710773
-8.921136 4.476089
-1.805909 8.154535
-1.047140 6.663478
-3.952902 4.522166
6.749351 9.957553
-1.374753 7.479810
8.232039 -2.695072
-9.168340 2.857729
9.746392 -9.461028
8.912996 6.329435
-0.889371 -0.222356
9.266237 -6.407311
-6.937095 3.890340
-6.787658 -6.862147
2.292247 5.865024
-6.884544 -9.586697
4.028624 9.869147
-8.308845 5.789370
4.068365 5.251621
8.169746 6.927863
-3.760063 -6.481260
-6.831620 0.739057
6.105469 1.553577
8.103611 -5.584888
-3.750810 9.854953
-2.047551 9.536938
-5.571994 6.664215
-0.833325 -7.253127
-5.204756 0.961440
-6.036717 -6.321428
-0.314283 9.946435
-4.637387 1.427139
4.478286 8.891407
-5.173533 -5.326634
4.430042 8.058001
-4.083165 7.705985
-9.982922 7.926209
9.099492 -2.740256
-0.553630 -5.234520
3.695071 3.096893
-0.777432 -3.873146
9.727202 7.496825
-1.337396 -2.040025
-8.094045 -8.466132
-6.271568 -2.157164
3.007063 1.766227
-7.749364 -8.825126
9.256751 3.365930
2.455140 -2.902244
-6.588196 -5.353253
2.337831 0.318580
3.902786 1.586423
8.901022 3.845584
-3.543336 -2.750704
7.629774 2.658515
0.250633 9.960669
8.401785 -6.063321
-7.813343 -4.064897
-6.982359 2.471054
3.715156 7.608223
-9.632248 -6.451863
-6.652048 4.822711
2.934388 7.791993
5.323610 1.944791
6.872345 0.598648
-4.898321 3.731765
1.426978 -3.371185
2.354753 -4.148038
-6.853801 6.067655
3.748866 6.399032
8.000463 -2.727461
2.057211 1.694762
-2.342138 -0.970859
9.955130 5.479278
-3.819848 -0.549082
-1.595604 7.415430
6.554172 -4.514393
-3.818058 7.355993
-1.969380 3.998183
-9.860521 7.317694
-9.644932 6.185590
-4.686560 -1.979238
-4.898435 -7.891662
-5.681880 3.552823
8.114915 -3.167808
-6.348679 8.410287
-7.208289 -1.906483
0.697441 -1.462437
1.538354 -3.953612
-8.079484 5.639885
-8.815862 2.971234
0.604701 -3.111872
-2.817269 4.398445
5.863709 5.238827
7.574407 2.012381
-3.322297 -5.555575
2.817227 -6.795559
-3.046270 2.152698
-8.265220 -4.684942
-9.810555 -6.707581
-0.868771 4.942693
-2.705416 3.787539
0.898353 -8.217153
5.541965 9.342430
-6.354248 -2.916087
-5.469317 -0.687285
-1.775093 8.172851
-0.008870 -1.867747
-1.566880 -0.292338
-2.738784 -9.373490
-8.362039 5.982665
-2.294794 -2.345295
7.241702 -9.714092
4.628866 -3.543400
-0.579514 1.181700
3.805755 -1.639098
-7.854854 2.555092
-8.949599 1.516759
1.181724 0.853967
-0.015054 3.934583
-3.195187 -1.404841
5.489266 -0.060733
-6.537945 -8.703299
0.193777 -6.872589
0.875733 -8.380324
-7.286301 6.663397
2.408901 1.977566
-4.622178 3.977039
9.878157 -5.118799
6.921082 -4.514354
-4.252838 7.096333
-8.618498 6.391776
8.433469 5.538775
1.301611 -3.181076
-5.842200 6.274428
8.396714 8.608479
-5.376324 4.850108
-2.521550 -7.017387
6.240330 2.088449
-1.485844 6.547641
-4.165068 -1.643326
9.054519 8.841958
-1.167169 1.025370
6.060555 5.458652
2.350233 4.837361
2.963623 -3.165160
-2.820320 -2.709729
9.648701 3.505711
-9.717415 3.041107
7.697479 -2.591057
-5.416852 -8.101520
1.349706 8.234514
3.405383 -1.808753
-7.315170 1.793988
-4.531352 -9.328808
5.296629 6.238988
5.991294 -1.363637
-4.816450 -6.177415
3.040519 6.026572
3.857139 -1.180014
1.323895 -0.041096
-4.318549 7.920531
8.986803 1.032703
4.834532 8.328090
0.362962 -6.731902
-8.800918 -6.512937
0.101332 -2.065386
-9.335662 6.227167
-9.408644 6.343900
-4.935119 -8.678630
4.878348 4.447010
2.860651 -8.090258
3.351194 6.417547
-8.564813 -0.671004
-2.112211 6.390206
4.685686 -0.610333
-6.413400 7.890614
6.135282 -3.227272
-4.678923 -9.178392
0.966439 9.121296
-1.444424 -2.296182
0.405137 1.964416
7.254713 7.389323
3.768558 9.045623
-9.325069 3.905997
-7.397271 7.636550
2.387734 -5.504845
1.879688 4.286073
3.203264 -1.736171
3.526019 8.668820
2.575626 -2.076824
-4.611975 0.914820
-8.748133 -7.465480
-5.795748 -0.560855
0.643905 0.865871
2.341637 9.529950
5.370772 5.868767
2.702584 0.060565
-8.356343 4.453299
-8.252074 9.919255
-7.037966 2.181405
9.451313 2.595292
-2.871511 6.185043
-8.354122 -1.056404
5.243471 5.663287
9.677965 -3.993350
-9.099619 -4.443411
8.778758 9.816559
6.969574 -8.229773
4.324337 7.800518
0.953288 0.247851
6.433371 -5.819513
4.461020 2.273687
-2.639187 7.575545
7.247966 9.795295
-0.024422 -8.432275
-8.892764 -7.748775
7.939706 4.686310
0.403618 -9.161863
2.458137 -3.086711
9.450672 9.133707
-0.810648 8.219327
-6.320038 9.602005
-8.242995 -1.496833
4.162844 -8.092656
-8.255013 -9.088028
-9.056258 -7.649379
-4.987577 -6.095677
-1.033033 -3.342218
-9.196907 4.870869
3.143135 8.845416
8.669547 3.918971
8.283020 -1.929557
-4.105134 -7.251962
-7.714506 -1.356060
-7.912551 -2.299399
-6.806795 -0.325906
-0.495588 -6.321178
5.117737 -4.790939
-8.492870 2.955319
4.541591 -6.392408
-1.455427 0.713978
7.191559 7.739000
-9.403365 5.739509
0.439278 -6.046590
-9.103417 -6.975245
-7.295883 -6.402535
-7.956257 -8.777989
-8.471976 -4.304400
7.651685 -5.827125
2.611953 -3.829710
-9.097634 9.024918
-2.232116 -1.620963
-7.439296 9.806735
-5.844080 -5.019103
3.997000 2.743758
9.032345 -0.774088
-2.578766 -0.701094
2.513075 4.302318
6.781424 3.513864
8.559159 0.873703
-6.872236 2.336703
-2.854702 -3.647420
-1.055902 -8.307427
-3.754638 -1.652093
3.783589 2.230348
6.932342 6.082280
0.230959 -0.014735
2.421225 0.262393
-8.880049 9.991607
-3.354400 8.217372
-0.013127 0.958542
8.275483 -5.377795
7.753679 -8.499503
-9.594635 -7.270658
-2.703179 -3.632638
-8.475993 8.041577
0.231392 -2.204067
-7.575146 8.717742
7.569920 9.581434
9.224109 -4.143537
-0.842119 0.015511
5.537448 3.987395
2.303628 1.960381
-0.001494 -7.552571
6.498907 -4.942179
-0.979256 -5.596158
-5.437704 1.393568
7.691869 7.897199
7.397110 5.643193
0.899680 -5.029235
-9.051992 -0.021644
-8.322157 6.136080
-7.556004 1.753269
-4.644904 7.769282
1.479413 -4.796446
-3.232476 -5.812409
7.763261 1.970724
-3.650986 -6.541317
-0.083674 6.160983
-0.670800 0.133837
-5.715625 -5.979920
8.875638 -0.593202
-9.819677 -8.411809
-2.361304 2.842854
6.031927 4.238647
-9.862053 -6.792076
4.693360 -6.744400
-7.924040 6.975239
5.861478 5.295276
9.349584 -8.093923
-9.191712 -9.348398
-5.837286 -1.380512
9.477021 -7.704071
6.386318 -6.970318
8.848453 -4.793787
7.400759 -2.793967
8.885444 -8.590698
3.589887 -1.075213
3.599000 8.221147
5.931219 0.917874
-2.957297 6.386215
-6.964053 5.029547
8.297077 -9.385382
7.481387 -8.067179
9.946032 0.423523
3.099448 -2.305745
-1.412817 3.521353
6.693632 4.257793
7.524968 -0.698933
-7.153626 -8.110789
8.051531 8.819526
-4.858040 5.253556
-8.060045 0.423644
-0.227874 -9.063537
0.154199 6.807079
3.717922 6.710593
-7.702536 -5.386960
7.386556 -5.865102
7.863858 9.622983
-9.267793 -6.521271
9.240022 -0.047538
4.839564 -5.388767
-8.860707 6.028100
7.982067 -3.165844
-3.807684 -4.664623
-6.376045 -9.310834
9.895279 4.149782
-4.976788 0.775635
-2.412568 3.691471
1.557638 -5.547608
7.179431 1.996126
-4.706999 -3.538278
5.752810 -2.807396
1.573843 3.455503
-6.763939 -5.946450
6.443086 -9.574919
4.655623 -0.429635
8.497183 2.142393
3.799965 2.733304
-2.338150 0.887808
7.982768 -3.995591
-3.052761 -2.136880
-4.279031 -6.116757
5.494660 -1.982786
6.004428 -3.322805
-1.227736 -1.251179
-0.206414 -4.596438
5.741263 6.661002
9.565353 8.495993
2.246502 -4.942392
8.467227 -9.497634
2.963461 -0.389240
-3.324647 -1.170329
-9.589627 5.312249
2.061413 -7.893079
-1.831564 8.686054
6.805295 -2.284871
7.884905 3.560811
1.539934 -3.183971
2.049089 3.811899
-3.788261 6.028732
0.705392 5.019896
-1.008450 -0.955394
-1.838862 -9.933459
3.874264 -1.531682
-2.991056 5.739660
-5.327456 0.948655
-7.255317 -8.418925
-3.946673 4.844246
-6.067186 -8.652781
8.909051 -8.950559
-6.941796 -5.449757
6.913589 3.973666
-8.425893 9.606097
-6.939156 -4.234367
8.066814 -6.288197
4.087669 3.303330
-7.278189 -8.269528
-5.137762 6.619701
9.443297 4.678280
2.249849 3.732218
-2.904372 8.960518
-9.329762 4.542112
