256
-29.438256 -24.192395
18.208406 -1.387029
23.102453 4.915309
-15.112476 -17.512294
-19.725682 11.367891
21.054243 -29.337008
-4.027561 -6.846958
-21.398916 4.688761
25.746038 -13.116354
18.654243 6.489125
-8.644336 20.072394
-26.922176 -21.789649
-14.215067 -12.482983
6.494627 14.667329
27.684537 -12.980172
-11.731453 19.305381
9.876231 -17.089674
13.627594 -4.728354
22.716453 -6.871193
-2.391825 27.003814
-24.209196 -3.218594
-28.304565 7.127654
19.804628 -13.526473
12.903201 -19.354891
10.917281 23.846178
14.983478 5.303625
-23.546285 -16.491012
-17.926483 20.192718
5.013286 -25.481029
-5.468205 -10.229876
22.248194 10.582983
-10.975631 24.214009
-13.582395 17.814620
3.104537 -28.284712
-29.406478 10.987362
17.203761 22.796305
11.617304 -12.583017
2.675932 14.028695
26.593218 -15.002719
-28.314912 -27.918753
14.605721 24.196083
1.937102 22.179632
15.246395 -11.325168
-4.516218 -26.303129
20.504183 28.108492
16.213874 -5.129472
-27.930512 -17.245317
10.693045 -24.196531
24.376931 17.692104
-26.047318 23.512073
-6.285104 12.726309
-19.472015 -8.173826
4.208315 15.048172
-8.249613 -27.983127
-0.495621 -10.173284
25.731492 19.271823
9.305183 -13.452091
-20.582174 -18.304194
13.672401 27.128046
-23.017946 -13.803729
-13.481928 -7.042175
-2.392841 29.435672
21.798347 -18.204837
17.904571 11.327564
-22.592017 3.105482
15.703128 -22.804562
12.395012 -5.610947
-27.003514 -13.691524
18.073415 9.408215
7.592601 21.347891
-20.815238 14.126957
-9.125843 -18.930417
2.937401 -13.249185
28.105249 -24.913502
16.582738 7.920456
-24.594873 -8.485317
9.073456 -21.583091
27.601384 -9.317204
-15.728364 -4.892731
8.192837 17.318094
-1.239576 -29.675403
21.356049 23.804158
13.857201 -20.285193
-22.104587 -5.406783
-29.103572 2.938516
-5.083415 11.302914
19.374295 15.583742
-17.234651 -26.431058
26.208309 -8.219847
14.129057 26.415283
5.317812 -28.092174
11.584326 -19.230516
-19.143289 18.436591
3.298162 23.594283
-8.372471 -19.347561
7.153984 18.742391
26.985074 -12.402935
-23.548192 -2.395167
12.902471 -28.304612
6.517108 9.214537
-27.918325 18.372495
-9.531204 22.614873
8.590214 -27.108524
-25.318107 13.291275
-14.562810 29.384920
1.584239 24.390183
18.513492 -16.904231
-24.628195 -6.028375
10.491824 7.230841
-3.105279 17.206319
-20.975416 23.307159
4.817305 -14.827594
14.381921 -23.103019
-2.924571 -9.493208
15.214607 14.923516
27.825319 -1.302718
20.107418 4.985172
-8.149372 25.029716
-11.071283 -23.508329
25.947128 -16.231017
-6.491238 5.702918
-17.483251 -12.601829
19.038415 -12.395714
6.283051 15.139724
-12.817492 -21.830491
-26.501309 11.417826
14.301209 -26.408751
4.203671 8.413205
-11.402195 -15.793041
27.893051 20.048172
-28.714913 -10.482195
22.083749 -5.920471
-16.091284 19.601482
2.674195 -29.376514
9.370584 12.597148
-7.684192 16.842519
29.083152 -20.793405
-9.013742 8.215913
-13.417295 25.403748
8.405729 -6.513294
16.038295 4.194015
-29.104715 -15.017486
11.917283 21.843201
-18.294718 -22.081914
0.174839 -6.813947
21.457194 28.013582
7.138572 -17.402194
23.294186 8.932615
-14.105729 -9.847601
25.804913 -4.392084
-3.629174 13.302841
28.482731 6.041937
-1.482195 21.847391
6.193582 -26.593742
-17.692014 24.092715
-22.183748 -8.143205
16.027349 -19.287351
19.394208 18.028731
3.210475 14.203981
-26.195371 22.193814
12.918364 -1.083915
5.137208 -22.708472
28.473915 2.604873
-13.892154 7.018349
9.473125 -3.294083
18.013751 27.918516
-7.328917 -28.041192
14.039285 -7.385217
26.073925 -17.083412
-9.384715 -13.208197
1.639528 15.720489
-4.273195 8.594382
7.193428 -19.502748
13.814915 19.137528
-15.948104 27.317841
22.371926 -10.374892
20.419308 -26.581028
-5.401721 -29.082514
11.374529 16.039284
17.293781 5.283201
27.301417 10.392571
-19.048521 -25.209487
22.041308 22.958473
-3.917208 -15.092473
24.874195 -3.218051
-18.102514 9.583742
8.237415 29.583172
-29.384215 18.391284
5.182394 -18.738109
20.174382 -14.703518
-6.847391 -20.372814
28.194203 -6.481209
-22.194037 14.502915
9.392583 28.137284
19.017384 3.582493
-11.731581 -27.138409
17.582309 12.874295
-7.481928 -15.739182
29.183740 -18.573109
-8.137209 1.502934
26.307594 7.382193
3.472091 10.582984
18.349283 -11.473051
-27.392308 -8.149302
2.931740 -24.291304
12.183048 -15.839217
28.274163 -1.391208
-14.739582 16.948304
15.930471 3.178203
-19.572394 -3.120874
24.173041 17.839402
-5.019237 -22.019348
20.583047 11.409281
7.239052 -23.384751
-10.237148 -26.914207
22.307914 -9.538471
11.739291 -2.504829
-8.472301 19.508429
0.194837 21.391803
-26.938247 6.208392
6.834192 -7.593102
-3.584729 12.709103
27.104582 -15.480391
-16.293582 3.501729
9.203718 8.173920
-24.104725 19.372915
10.204859 -11.287635
-21.930572 -12.305182
4.395827 25.409328
-8.503291 27.015627
-13.720392 -5.239781
21.593018 -26.173847
7.927384 15.304217
29.204189 -14.782913
-6.234781 -14.192847
19.401284 -10.739203
-22.834592 5.937182
-17.409237 21.304829
24.391038 -17.395029
11.923847 6.582730
14.719384 27.204930
2.108429 -3.204187
-18.329472 28.309472
13.492048 -6.503829
8.207384 11.203749
-3.183720 -27.320185
21.582093 14.592837
-19.304928 -9.204817
28.204827 3.809238
6.129384 -12.304918
10.495827 23.592019
0.395721 -8.203914
-14.502913 20.847193
7.203948 -16.582013
-25.938472 9.284759
23.584302 -8.193749