2048
5.569936 -3.097030
8.324610 9.749056
2.199459 1.973188
-5.018901 9.565062
-3.791629 -7.035437
-4.732534 6.623030
-1.809088 -7.606387
-6.440524 -3.487054
7.991545 -9.246541
2.747326 0.937793
-5.193771 -2.217433
-4.778693 -1.762743
2.905524 6.345601
0.086586 9.979278
0.953774 1.271434
-1.270806 -1.035907
7.847403 -8.079486
-9.135665 -7.614464
-1.796534 5.300913
-9.474189 2.286805
-8.112403 6.542822
3.446800 -1.690128
1.704931 2.467658
5.283998 8.255886
-0.331794 -1.682980
-3.282903 -8.676120
-7.334391 -5.312736
8.000606 4.345903
3.232902 -3.116328
-0.249470 7.507309
-5.603105 3.830696
9.304336 -4.804303
-2.888071 7.320608
-2.029914 -7.583939
7.561214 1.419003
-6.576314 -2.357630
-0.680224 1.209045
4.271164 -9.669657
-1.086147 -7.606714
9.436279 -7.395367
6.691300 -2.825387
-0.323827 0.742271
3.227811 -3.112403
-8.741714 -4.706346
-0.394254 3.312563
-7.244031 4.279670
-6.519197 -7.668806
8.103832 0.236240
4.593131 6.876538
-9.199988 5.612807
7.441207 -5.417386
6.322659 -0.300684
3.195498 0.791519
-5.959030 -9.710232
-3.756882 -1.856097
5.646036 9.491113
8.219867 -3.007319
-3.542586 2.352925
5.286434 -4.542631
5.099301 5.246458
5.998510 5.067823
6.797155 -4.020578
-4.800299 3.374408
-4.268944 0.753419
-8.604819 5.565734
2.228185 4.901055
9.529845 -6.777902
3.832123 -3.115385
-3.033564 -7.199764
-9.288105 -5.546684
-8.103981 1.204121
6.362062 -7.036365
-8.059777 -5.730931
0.690615 -6.266679
5.727093 6.301128
5.834267 7.209935
-0.038904 0.541237
0.334344 -9.895666
-4.202681 4.275450
-1.835901 -8.127158
1.720724 8.264438
-6.612176 6.743873
-9.612829 -2.543724
-3.662090 6.918516
-3.466038 6.228717
-9.492135 -3.913008
-9.999857 2.499615
-1.340540 -2.982008
7.858866 2.257832
-9.740582 -4.464508
7.088965 -0.697547
6.091276 -1.068561
-2.378998 6.570561
-9.458708 -4.751021
1.885105 8.694499
5.902435 -2.278793
5.874894 -1.311213
8.462136 0.945904
5.324032 6.172656
-5.143810 9.623523
-4.684127 -8.176675
-3.808317 -3.454427
-5.914264 -0.963505
8.647151 -8.029427
0.843167 0.229852
2.571256 -4.778778
-3.436806 -4.824310
-8.454029 -0.462471
4.851383 3.180198
6.301751 -8.973959
3.220520 -4.618716
-1.617886 -8.770256
-0.476992 -2.804662
4.658701 5.313269
8.272653 3.023487
-3.127199 -6.864692
-8.011090 1.822929
1.375060 -3.610684
1.160924 1.582126
6.639207 -4.119539
6.062924 8.381333
8.624753 -2.610682
2.531700 -3.487603
-7.687519 6.709965
-1.666515 4.436786
2.554544 7.022141
-6.600095 7.105961
-5.344071 -8.774454
6.030089 3.481575
-6.218473 -5.375997
-6.902385 6.546523
6.400180 1.414587
-5.696856 -7.611699
9.298188 -8.090473
-5.709595 4.726831
-2.088672 0.370791
-2.479587 1.040090
-8.351228 4.276875
1.952965 -8.379727
5.745360 3.945659
0.563745 8.526897
-4.863521 3.542503
-7.065132 -7.841863
-2.741922 1.536968
-1.242171 -8.250529
-6.995704 8.718133
-6.682188 7.668368
-3.372342 -9.278601
-4.776376 -4.108342
6.898786 1.256724
9.834869 4.921138
4.754458 -3.178377
-5.689962 -9.853724
6.012294 -1.073526
-9.294219 6.378211
5.709851 -5.239656
-8.422611 -4.365636
-8.945210 7.291654
-2.977361 -3.247464
-4.720631 3.335678
2.413993 -8.935477
8.784258 9.048415
2.953455 9.637011
0.128307 -7.716912
4.447958 -8.913610
-8.721064 5.577313
-5.444619 -0.768676
0.645858 4.418259
0.626716 2.699146
-7.090544 2.188684
-5.534970 5.497741
-1.018428 -8.977653
-5.615909 -4.934540
-3.325938 -0.999757
-7.369121 -5.447223
3.293934 7.152137
-8.443427 2.026581
6.017207 6.994624
4.255874 -6.073772
-1.972259 -6.270178
0.383388 -7.948725
-2.498098 -2.509899
2.561786 -5.946206
7.062733 -7.757076
9.356220 5.853680
6.445001 8.801906
8.862102 5.810626
8.004408 -0.004381
5.034402 -8.816388
-5.776452 -3.572034
-0.349080 1.669901
-0.542697 -4.527571
-7.057399 -5.075052
-5.227484 -6.540623
3.571515 -2.024243
6.057321 9.115431
-3.198505 -1.759771
8.077483 -9.649996
-7.343596 -8.237332
3.939930 3.708377
-4.555660 -7.224517
7.020473 -9.807698
1.460603 5.371060
9.374413 9.416900
8.493747 7.084321
4.080247 4.596549
9.250620 -6.638276
-9.871340 -6.814000
6.476606 -4.090871
5.180427 -5.628972
-9.671851 -9.397431
-8.070921 -7.922475
4.282926 -4.968576
-1.129892 2.570755
8.657991 -5.052603
-8.262788 8.099225
-8.596533 3.108380
5.896530 2.615695
1.252867 5.887809
5.574407 5.669827
9.817369 -8.427931
-8.707865 -9.461727
-0.910771 -5.238089
1.646580 -7.788770
-5.142599 9.908615
5.911542 1.266817
6.386944 -3.451867
-1.464780 -4.937368
4.379658 2.526338
9.420156 7.040464
9.850544 -2.545415
-9.245125 -3.355735
5.718964 1.447998
3.281260 -9.132171
-9.302910 -1.180858
7.968040 6.416658
6.305365 -2.376766
-1.293549 -8.084211
9.730650 -3.706055
-3.575573 -9.446102
-0.997154 5.810408
-8.323671 0.296356
9.629832 -9.270225
-4.524764 -2.744795
-8.354201 2.221186
1.233952 -1.434883
-2.428061 -0.995236
8.842376 -6.992502
4.000470 -4.055681
-0.176360 1.555714
5.858747 -9.706071
-7.739903 -0.653346
2.041790 -0.060400
7.444029 3.989447
-2.208772 -3.544328
-3.797471 -5.737605
-9.980161 9.344256
-8.829510 2.894473
-8.698503 8.640663
-0.534253 -1.392554
-9.716863 -6.064207
-4.020679 -7.263212
-5.748686 5.871643
-1.248527 3.384299
-9.498592 9.663585
4.644269 6.116320
-1.938092 9.666201
4.566320 -3.060488
-2.486642 8.022730
-8.046398 2.892696
5.596327 -4.526849
8.070909 1.992781
-6.100988 -9.953384
8.474590 2.101589
-4.115509 0.696548
-6.048235 -7.617140
5.697660 -4.925703
-6.406158 6.916511
-8.949803 -2.235177
1.852925 -1.085329
-4.705799 -5.697136
6.588671 7.184145
9.903822 -8.272651
-2.725292 3.241066
1.718369 8.704227
7.900801 0.340984
2.829151 -3.391800
5.982464 1.550299
-6.331930 4.648968
-9.466745 -5.849169
-3.578770 3.927717
-0.179089 7.083747
-5.327156 -4.533065
3.697077 -9.336775
9.518604 6.408087
-7.053946 6.340623
6.819095 9.650112
-6.335193 -4.049128
9.663114 -5.850760
-3.054380 8.437493
8.745634 -5.947219
7.802978 -6.969407
8.650550 7.148880
-4.563911 -0.761484
-0.246604 2.102269
-4.297846 -1.853705
-0.380187 -7.052861
-0.096158 -3.443461
2.168083 6.171364
-9.574948 2.846242
6.649550 -2.562167
-3.948014 7.816028
8.753710 -0.037179
0.553278 -6.854227
5.187451 4.532376
-9.184321 3.431459
-4.752098 8.744979
-0.467261 8.807202
5.833804 -7.982875
8.287738 -1.232258
-3.723271 4.524230
-9.223916 4.216018
3.900464 9.753764
9.134874 -8.571120
-3.675406 3.491263
-2.507940 0.763423
1.840140 -3.094890
3.584948 9.476200
6.271444 -8.166146
0.908019 -3.456295
-7.707699 -5.661344
9.215421 -4.753003
0.548027 -1.959739
7.712500 -2.170181
9.262739 4.722072
-8.157517 9.761531
0.298002 -6.357407
-8.559075 2.503334
7.277535 4.481713
-4.521176 -8.500754
0.162663 7.863207
-1.986130 4.726098
-7.186128 1.028649
-1.089154 -1.543296
-5.114688 4.269466
1.624437 3.073886
4.250840 -2.019701
-4.362680 -6.180447
3.378079 0.806990
-7.745458 -9.006667
-3.354109 8.408925
-6.693782 8.399471
-2.992847 -3.861628
-8.636742 6.149322
3.812439 6.474462
0.187017 6.302582
7.015541 -7.677247
5.612569 -5.373955
8.429956 0.071974
-2.616233 0.417545
2.049155 -5.789103
-8.548148 -3.961992
8.702996 -0.257785
8.578786 -5.034922
-2.738551 -7.135775
3.308875 9.730934
-0.458235 3.273300
-1.109492 8.289426
-0.170029 -3.081343
-8.087744 7.628492
0.678090 3.355265
-6.400518 -3.482971
7.903666 -1.794458
-4.805919 4.226298
0.696401 4.641350
0.197959 -2.262190
6.589072 8.040296
4.350685 -1.551282
-4.414180 -7.337219
9.563834 -0.113695
1.706316 -9.556535
-5.524596 6.942988
-2.296461 5.360486
-2.713632 6.988895
-2.091193 -2.971665
-8.929797 -8.320097
0.017031 -3.296714
9.662586 0.250491
7.809693 -2.964763
7.338625 4.525295
5.548084 5.972505
6.511048 6.377472
9.943804 -2.588015
2.397219 1.396501
-7.365568 -5.025496
3.288951 -5.122239
-6.609756 3.530796
-6.702471 9.247229
1.355339 2.444566
9.688482 2.717963
-2.885769 -5.954227
-2.062517 -6.157890
6.435621 7.005244
7.799036 5.286151
-9.086164 9.320813
4.541920 2.316931
-3.770729 -8.337049
-4.324822 -8.502393
1.548778 8.549863
9.299095 1.742239
-4.169479 -2.774054
2.476882 8.070932
1.268144 1.305440
7.400984 4.817496
-5.319956 -0.193375
-5.293431 0.867607
6.307736 3.998804
-7.164015 9.823944
-5.419651 -7.832290
0.471367 -5.314957
3.667038 -6.314375
-4.144157 7.894889
6.060213 5.169252
-7.865728 -1.933456
-2.353394 2.433903
1.942262 9.128580
-8.427681 5.860845
9.539737 -6.890080
-2.739384 -6.249423
2.575717 6.436043
3.024906 8.457953
2.752682 7.394285
-4.818933 4.584326
7.732239 2.842897
3.516349 -2.586001
2.966257 1.831379
-2.575725 -1.006201
5.914157 0.255112
4.813944 -8.190364
5.951966 -4.057237
-7.706085 -3.476463
-0.461569 -5.723655
-1.548280 -2.787833
-9.536979 1.047129
9.161884 4.320169
7.503574 4.912455
-2.819936 -2.145600
9.427530 4.141393
-7.865459 9.147031
3.587420 -8.654451
5.525802 5.311566
3.863050 -7.377789
1.878466 8.306490
1.290437 -7.368519
-2.890722 3.526582
2.562830 -1.460774
3.227249 -2.393246
-1.095352 1.567276
-1.202486 -4.025210
2.700796 -2.756070
-9.005010 5.436634
-7.816263 -6.304769
1.313675 7.661303
6.247719 0.031557
-0.077370 4.501925
1.891783 1.683685
-1.890206 2.538376
-5.058251 4.212998
-0.458878 -7.657706
-8.800153 -4.438307
-0.877122 6.232707
-6.472373 3.479248
-6.389178 4.382132
9.024756 4.641979
0.879606 6.872354
5.648462 -5.730346
-2.352025 -9.467197
-8.467061 -5.753082
-7.870953 6.798347
-1.799316 2.788690
1.208581 -1.805936
1.958311 2.937128
-2.885973 0.627155
4.096384 -3.753366
1.670417 -0.245289
4.671344 7.219089
3.475940 -1.702996
2.555596 3.226348
-8.896241 -1.703560
1.768905 3.105533
9.175993 -6.913718
-0.955064 -9.913176
7.780380 4.338414
7.103646 4.199866
-6.383746 2.624347
3.088652 9.626265
5.870434 9.603798
1.075194 -6.769480
6.248563 3.127158
-4.237501 -3.647204
4.223164 -1.750837
-9.003614 7.501756
-6.356753 0.410190
-8.383321 7.789669
7.041221 -0.664003
-6.755548 -6.856849
1.714638 6.725565
3.293845 -1.965322
-4.182041 -9.494917
-3.292827 -1.595205
-0.198322 1.717603
4.684054 4.580197
-2.561945 -2.236366
3.221332 -3.584773
-3.510957 -1.701275
-4.629510 -3.586804
3.471048 2.865119
2.484526 -6.392688
-5.035132 -7.857443
6.478564 6.387128
1.349796 -6.137414
9.041454 -1.153980
0.442117 4.083038
0.043260 1.108956
3.790935 -0.214032
0.386400 -4.241270
-2.871477 3.632772
-1.892561 5.407055
0.050524 5.072366
-8.254284 9.443955
-1.932234 8.473980
-0.225194 -1.252415
7.988390 -5.608991
6.536705 7.403810
-5.011063 1.979963
5.641508 5.434840
5.582342 9.015669
1.217369 -8.339048
5.889842 9.128153
-8.203619 6.255660
9.043831 -9.990751
-6.732100 -8.936684
-7.400137 -6.203363
-1.486817 3.742198
9.030294 4.598384
3.576095 7.967658
0.557210 -3.957043
1.891288 -8.467637
-7.777770 -3.579969
-9.178984 5.631626
-2.367770 -5.609481
-3.191126 -6.058260
-7.656889 4.119960
1.537496 8.705143
-4.746015 4.410851
-5.909571 -1.373597
2.924030 2.194473
7.314135 -9.362367
3.803930 5.755623
-0.789423 7.688875
-2.853923 -1.082662
-2.479913 -7.523948
-3.340724 -3.055780
-4.074858 8.147910
3.667127 5.260246
-7.648059 -2.786661
-8.260589 -2.559992
-4.994264 1.595469
-1.903066 2.000870
-4.391130 -3.911331
-6.625763 -3.560988
-8.692266 -2.473350
-6.257764 -1.520139
-4.642306 9.324692
8.991106 -6.117058
4.309557 4.397191
-7.099430 9.159854
4.684249 5.828046
8.646823 -8.429054
4.734895 2.345246
2.601124 -4.057773
-6.462438 5.716619
1.733115 -9.658631
-2.760878 -9.433870
-6.018815 6.732726
2.493617 -4.261122
6.186854 -5.366747
9.362825 8.672808
7.305859 -9.132308
-1.250428 -4.135603
3.453506 6.736876
8.699289 -1.571362
-8.344627 -5.167317
-9.304405 -0.397387
-4.819310 -9.763219
-9.181057 5.152964
8.729429 -9.504627
-6.171760 0.224585
-2.776011 -2.973641
0.573234 3.398896
-9.565053 -6.600235
-1.761565 -0.893304
-9.702117 7.397315
-9.171670 -0.884334
5.729074 -3.565124
4.494247 -1.176919
-9.887876 0.865718
-1.846386 -9.769187
-5.903684 3.350408
-5.305451 -9.950234
-5.315998 3.758076
-1.356684 -6.874737
-6.429784 -6.332477
8.670434 -7.481139
-4.092632 -0.843165
1.074884 -3.916902
3.267488 -6.578760
5.538130 8.395506
-7.451498 -6.367634
-8.782836 1.851989
-9.019253 -2.788600
3.298215 -4.969926
5.262119 5.006753
-8.361603 2.045605
9.959700 0.088748
2.117303 7.640224
7.331831 8.456600
-0.031918 9.645138
0.220598 -8.706699
9.104911 9.313806
-4.530284 -4.121742
9.547663 8.198070
4.232926 2.933874
6.296017 2.484470
-6.891967 7.108084
5.465125 -8.443526
4.903184 7.553384
1.271666 5.489370
6.423177 -4.430668
6.607796 3.358799
6.380782 -6.369643
-7.023317 1.506353
-5.232698 -8.019841
8.006271 -6.654397
2.172340 -6.945772
5.898780 -4.446906
5.556191 -5.199580
4.411672 0.069891
1.435150 8.385815
6.312967 -8.546598
8.815532 6.621728
-2.990290 2.014332
-1.592011 1.817928
9.569018 -7.051406
1.765914 1.538210
-2.857016 -6.172183
9.033876 -6.709342
0.748310 4.949948
5.745430 0.831907
9.360004 -9.639690
4.369929 -1.476964
6.993072 4.840389
9.541643 0.411710
-0.562639 2.181672
4.490104 -0.393739
0.425988 -0.735302
8.885693 -0.903622
7.782249 8.077187
-9.725171 -7.297125
-5.519226 -6.860727
1.494887 1.884199
9.864234 -3.167807
-2.496979 8.554618
3.612111 0.438643
5.987540 -0.666078
0.064857 -5.029066
-5.884305 6.992724
9.773257 3.765159
4.103990 -5.340499
-8.360409 -2.802345
-2.550287 -4.236133
5.645699 -1.640871
-6.211944 -2.074946
-4.427097 6.954613
-5.627622 -3.075998
0.767165 1.231088
-3.249623 8.274799
-9.917650 -6.567917
-7.999948 -7.851281
7.340485 6.991278
3.978142 -3.125055
-4.864665 2.013156
9.041006 3.234134
-3.045531 0.211397
-7.299148 -1.460991
1.684763 6.814639
-0.016306 -1.924274
3.960219 7.897951
6.024960 8.841648
9.413511 -7.506551
-4.964559 4.554448
0.914715 2.808284
7.940843 6.789843
3.680102 8.391728
-3.371530 -1.690860
3.786275 -2.235894
0.330583 5.907718
-2.940274 -4.644157
-7.305654 6.626115
-6.586044 8.483611
0.221574 -5.229513
-1.790205 9.823934
-7.559679 -7.768139
9.142673 3.960499
-6.688631 -1.993681
0.153451 -6.473740
7.934205 -4.178784
8.988192 0.149793
8.295577 2.529192
4.920971 -2.020530
-7.305412 -0.122424
-0.220272 8.793547
-5.515958 5.420571
-2.268983 -6.999793
2.353525 -1.173691
-8.908933 -0.086122
0.243849 -4.582018
-1.454561 -6.091982
-6.800134 9.870456
-4.844120 -2.741024
7.346667 -6.044070
-3.951646 3.210391
-0.503077 -2.571358
5.326139 -8.594168
5.063787 -0.693321
-8.663752 4.996473
4.886758 8.113119
9.902326 -3.364451
5.433258 0.291016
4.526014 -8.298505
6.313517 -4.331910
5.091580 -6.169694
-9.443986 -1.528807
-2.731791 6.761334
-2.810183 1.256041
-9.888848 8.371026
-4.547862 -1.159124
6.597524 0.837310
-5.447514 5.506637
-0.353718 -2.223911
0.032504 9.833523
6.351943 4.088989
-4.536273 -5.943835
-0.465982 5.280664
-8.238438 -4.332659
-6.592518 6.880716
3.999469 3.269134
4.790030 -9.029005
-7.608304 -8.364271
-0.798177 4.146675
-2.643074 2.180367
-1.585652 -2.750031
0.305058 -3.378917
-0.651909 -8.882258
-4.828072 6.830279
1.624831 -0.747072
-9.227243 -4.477530
-9.879769 -4.421347
-3.542037 0.750239
3.122382 3.353050
1.098841 -8.844117
9.308485 4.029330
-5.163967 4.753622
8.345542 -7.284563
8.873547 -6.606913
1.459866 6.547413
-2.946693 -5.656076
5.921068 8.165335
3.360468 4.839446
5.433030 -6.081360
-0.510074 -6.658164
-4.189746 1.095130
0.467815 4.994333
8.261518 1.936066
-1.286455 4.587810
-5.972805 3.346728
-8.143879 -6.514236
2.962002 -3.046881
1.307876 -9.612844
3.752341 6.435674
1.792446 7.977541
7.627443 -4.133980
8.681628 0.057239
-6.322469 3.593692
-5.939553 -4.685324
-6.670531 -1.509150
-0.490613 -6.528139
-4.387768 -1.098708
-3.543273 -5.515984
1.959865 5.606729
-3.492640 7.530641
2.486218 4.414919
-4.152618 -0.263629
3.010065 -0.483672
9.403651 2.297696
1.158648 -7.630744
-1.978490 -8.119854
-1.821104 -4.218012
-8.878484 -4.477453
-6.147485 -1.708514
-4.336378 -7.817656
-7.636694 4.069146
1.375961 4.891851
4.638022 -3.505649
-4.837820 1.388228
-2.437812 -2.783343
-9.454258 1.279185
-5.401247 -4.487298
4.319314 7.793439
6.649436 -3.204824
3.820091 -0.653522
9.710086 8.279949
2.309244 -1.773031
-0.211113 7.997382
5.631299 5.037169
2.223312 4.888485
6.875681 -0.660235
-6.183073 -1.527763
1.063657 -5.704532
3.466095 2.267732
6.147371 2.589771
6.189977 -8.951621
9.103480 -7.102928
-9.399002 0.465691
-4.793392 -8.421832
0.501973 6.544383
-5.018330 -4.081992
-6.791818 -3.944065
-4.794871 5.074088
-5.645079 4.691764
-9.921976 9.345170
9.711326 -2.555159
0.674406 -1.652665
-9.909322 4.705889
-1.558515 3.022644
3.621886 6.952162
6.839822 1.033232
-2.101051 2.575402
9.137456 1.833037
-6.367583 -4.955624
-1.759510 2.542645
-8.348030 -7.906673
8.157448 6.952629
-5.809260 -2.146831
9.557468 3.884336
5.620818 -1.379340
-5.384130 -0.453897
0.037785 -3.261722
-5.840371 3.387072
-4.897145 -2.233432
-7.391343 1.852118
-8.790463 1.922812
7.650011 -7.261682
-8.286059 -5.156538
-7.721468 -5.303194
1.250311 -1.230077
-1.569750 -6.341187
-2.641146 8.092846
3.786972 7.145898
6.111754 2.608896
4.735045 3.820927
5.589240 1.102194
2.974203 3.344425
3.104849 -0.068003
-2.563576 3.002681
-9.133235 5.044496
-6.234552 -8.357790
-5.582990 5.465506
6.808902 5.731974
-1.209446 -1.279687
-2.268338 1.929344
2.696494 -6.510914
-5.936502 4.544124
-0.079968 2.792828
8.809061 4.501450
5.893736 -9.809733
0.792164 -9.398841
9.553048 5.176450
-0.363030 5.241130
0.691234 -6.122540
-7.654868 2.913727
-1.213633 -1.982277
8.698933 -2.015541
7.265315 2.116905
1.724702 -1.426135
-4.107897 8.336896
0.582008 7.182650
2.061466 2.081145
1.695501 7.324668
-7.821079 5.274239
-3.483048 -7.433631
1.740681 9.488040
-9.446355 9.591165
1.639863 -0.591793
-8.159477 1.691930
0.744282 -9.988770
7.318567 4.111330
-9.861465 -1.080249
-2.953353 8.615163
-6.413578 9.054881
-2.087786 6.414423
7.061161 1.061029
-2.397700 3.033749
4.002688 6.408607
2.377958 8.278606
-1.440142 8.060474
-1.088159 4.512329
3.290139 -4.705019
5.657573 7.763556
-1.112405 -4.040958
4.079388 2.848653
9.622297 0.338948
-3.512319 -8.409296
7.263207 -3.594299
3.141193 -4.624086
9.990051 -1.078561
-8.487709 8.200999
7.973136 3.581525
4.923267 -3.868407
-6.707661 8.260441
-4.871773 1.989771
6.463958 -4.498258
-9.597357 -8.453812
7.791746 -3.859286
-1.719653 3.901959
0.121042 4.399966
8.516046 -9.594019
-7.224443 -7.758441
-2.215952 -8.101884
7.248843 1.822067
-4.823565 1.788254
0.842324 -4.849392
-0.025310 -1.648119
-8.648190 -5.558223
7.928502 7.195866
-9.199035 9.060296
9.980821 -1.492518
7.465650 4.158942
-9.403095 -0.450415
-0.721441 -2.210089
4.275941 8.464550
-9.636741 -6.331064
-2.489528 -0.019659
-9.748363 6.310069
5.684400 -4.199583
7.497890 -8.480600
4.407500 -9.579501
-9.055053 0.350894
-4.320698 9.206526
3.270825 -3.746369
8.682408 5.114431
-1.288830 -4.783686
-0.890118 -8.060706
-3.391328 -8.195599
0.453142 -5.298687
2.901068 0.912467
0.385453 -0.848009
1.451419 8.186917
-0.069970 -8.721547
-9.344077 -1.187378
2.715654 -8.920876
-2.555590 -4.431803
-0.268807 -6.074407
2.364100 1.068259
-2.507208 5.997022
3.696772 -2.694786
-0.535167 -7.433990
-2.625897 -8.938783
-8.807333 8.559100
1.087930 6.501603
-8.701306 9.553055
-8.622144 9.542520
2.389267 -0.881192
0.078193 3.704194
9.915871 9.264076
-9.299059 -5.697626
-8.463137 -5.705268
-6.245868 -8.057947
3.610084 7.481793
5.352519 7.919929
3.722397 -1.116007
-3.826692 -5.662688
-9.892301 0.578456
-3.509325 -3.485423
-4.378874 8.106104
-5.182363 -3.154644
-8.681645 -6.761539
-9.465870 -4.607533
-6.878581 7.077609
7.367937 5.512839
-3.933391 -3.922029
-1.418351 9.195314
7.742935 -9.968750
8.096991 -2.686950
-3.489310 3.156830
-2.135004 -3.852658
-3.209987 -6.849994
-9.627443 7.128187
-4.206702 3.257334
5.821874 4.945291
-7.605231 -7.579202
-2.424507 -1.326299
8.948663 -0.165497
-1.733539 -0.555777
-0.930857 -6.694633
-8.548853 5.096840
-7.282594 2.775929
0.092747 8.609301
-9.369292 6.006166
7.234693 9.066096
-5.878755 -4.701917
-0.553520 5.520262
-2.817245 8.947274
9.942278 4.802349
2.455142 -9.546783
7.964157 -7.304980
7.028087 4.650406
-6.294738 -3.633703
-6.840342 -6.222970
-7.836518 -9.105392
4.150455 -7.890315
-3.401148 -1.089708
-0.748209 -8.477994
0.907529 -7.823736
-9.018829 -8.288619
3.037770 -0.826018
9.664259 -7.402046
5.170177 3.988907
0.650790 4.225401
4.356192 7.746442
5.299265 4.683743
1.408224 -6.172787
-0.233408 -1.277462
2.937131 8.164119
-2.727308 -6.562031
3.029792 4.472609
-6.366040 0.988799
-4.234544 -0.378727
-6.070552 4.226783
-0.187935 -4.661424
8.963501 -8.391647
0.333029 -5.758816
-9.903337 2.190248
-6.282452 -1.693082
-3.125159 8.187857
-6.459668 -5.883642
2.544138 -6.147658
-6.463128 2.258800
-9.087450 -5.814989
-9.623317 -7.513135
8.246834 -3.622899
8.589287 -7.499886
-2.791287 -6.090473
-9.043045 9.971785
8.438709 -6.039956
-4.326361 9.782482
6.248329 -8.338791
4.480190 -0.849214
-3.954437 8.732953
7.886526 4.284275
-8.405603 -8.144825
-7.187406 -5.805841
6.540709 4.629385
-2.832767 -7.954393
-3.675490 -7.696386
4.714597 1.831877
3.968079 -1.086257
7.777690 3.040852
2.461298 -5.954305
7.064172 1.445957
2.929873 -2.304571
-0.712118 3.134196
1.735199 -0.556986
-3.950973 6.395899
-3.207720 -0.050443
-3.518480 -1.664558
-0.219214 -5.367851
5.475794 -2.801840
-8.501219 3.781830
2.709610 -9.443143
1.760717 -2.808357
-5.468213 -4.556651
-3.425619 -6.258145
0.341367 0.028789
-0.740787 4.504175
-2.788369 -8.470328
-1.910916 5.891087
1.147497 3.536381
1.475315 8.520056
2.315550 -6.506717
6.493806 6.163817
-7.165870 -1.979914
8.198898 8.816842
-5.718591 7.757547
-3.784650 6.340220
-8.635742 4.448198
-2.157358 3.935858
5.802746 -9.141361
-2.664021 -5.154152
4.033837 -5.696823
-9.373699 -2.216974
6.049859 9.436393
-3.535274 -2.984304
2.881118 3.933497
-4.358434 3.683536
1.050413 4.831277
8.358014 4.539819
-4.579002 1.799839
0.901637 3.951603
-7.525224 9.047723
-4.330167 -2.544886
6.639205 9.503449
1.524719 5.812774
9.704601 -4.364434
5.890952 -8.345230
6.166269 7.350201
-8.225618 6.069361
-6.057980 6.286899
5.645179 7.862236
-2.749208 -3.566350
8.931294 -5.589779
-6.340461 -5.407470
4.111978 4.374144
2.435299 2.882841
3.738598 -2.253275
-1.153912 -6.931064
-7.087205 3.437688
-8.459160 -3.805960
-6.452963 0.120534
7.330192 -8.020248
-1.692791 2.498310
6.404213 -8.602768
-0.323316 -9.628106
8.861649 -8.194642
2.380946 7.227447
6.546226 -6.640912
-6.792127 0.739053
-4.508429 3.220321
-4.676803 6.924399
3.632423 6.811156
-2.797599 -4.963742
-8.147561 8.231963
-8.257929 -3.383506
5.761441 -5.704915
8.113026 -1.438277
-3.753793 9.744142
6.091191 5.452268
1.176075 -8.792474
-1.136558 -1.823967
1.842827 -2.705851
6.006947 1.941344
-3.451312 5.419365
-9.152908 -7.815875
6.600295 4.723292
2.383095 -8.865158
1.450958 4.608739
6.417405 -7.099467
9.749979 -1.051826
-9.422845 -6.466410
4.886285 -4.744327
-3.330725 -4.570666
6.655249 -8.237386
8.724238 2.780445
-8.599748 -5.296331
-7.239442 -5.049561
4.943225 -7.198077
0.212648 0.469712
-1.168165 -4.771170
2.530022 4.636254
6.454935 2.623100
2.871699 4.153525
9.846527 7.450728
9.413978 -9.965722
-6.635998 6.792767
5.362001 6.766850
-6.957252 2.958281
3.727511 9.752318
4.225638 -2.617387
-9.141694 -8.213567
4.325780 -3.661382
7.926036 -4.214868
6.105789 -3.549858
-6.643478 3.822341
-5.704810 -3.565378
-6.165029 -9.691580
8.557534 9.794271
2.138878 -8.941555
-0.093779 7.798284
4.057284 -5.256907
-6.319656 -7.861177
-5.636077 8.498230
-7.863082 3.938344
-3.933623 -2.897417
6.648958 8.942149
-9.518244 -6.580146
4.162525 -6.701199
7.591707 -0.733040
-3.047368 -9.804522
-1.037777 -3.961008
2.171112 -5.098217
9.476991 0.606672
-3.324708 8.610577
-0.373263 5.997452
1.176674 -2.700933
-8.930540 1.089008
-4.650405 5.440737
6.640276 -0.433900
-8.257482 -6.675889
9.039058 -1.861840
2.756352 -9.863120
-0.535304 -8.802663
-3.982434 1.064328
8.166714 -6.252072
-4.873414 -2.560327
-8.858775 -6.077495
7.851355 -4.874238
-5.248480 -7.779514
-2.512552 7.317412
-2.235259 0.135315
4.272031 2.989252
-4.678188 -7.977227
-4.577597 0.528629
3.661072 8.936668
-4.448598 -6.388982
-4.205742 -8.604926
4.416409 2.798984
-4.235661 4.580156
9.270562 3.683981
7.693020 7.428023
0.024896 -5.346025
-5.371129 -5.778058
-8.989138 -9.955603
-7.533945 -0.376057
0.909163 -0.103711
-4.391476 -1.268040
3.921528 -4.108718
9.704999 -0.881975
5.299923 1.352578
-6.417414 -3.945411
-4.480714 4.699391
-3.124587 0.792536
-8.207463 -9.186557
8.678086 9.469547
-8.619566 -2.197461
-0.097118 8.273814
8.607850 8.941318
0.229263 4.459728
-9.794016 2.334714
-9.868681 7.314145
-2.463735 -4.157973
9.809413 7.586520
-5.832345 1.571575
0.020501 8.562823
3.135477 -5.086503
-1.680393 -3.227175
-2.647861 -8.580823
-4.476533 2.118307
0.742540 -1.426339
3.261067 -6.449549
6.262861 5.314678
-0.996482 7.708204
-0.652100 -7.156424
8.943317 0.609883
0.137989 4.920197
-8.456197 9.531800
-2.354974 7.127326
1.153663 -0.739628
-4.754606 -7.780292
-7.998734 1.010419
9.127453 -1.173092
-6.060563 0.942076
7.162813 -0.765452
9.018012 -8.944780
3.728485 -3.745459
0.587917 7.737386
2.339351 6.756376
4.069411 -8.856615
-5.284615 8.948786
-7.334717 -7.876411
-2.918690 -1.814300
2.917297 3.511879
2.154660 3.249234
-6.873247 6.897626
-7.390100 9.279520
-7.958057 -3.295370
5.077285 -9.244438
0.549781 7.576409
-1.293352 -9.222266
-0.768653 -4.539246
-0.037541 -9.039810
-2.468476 3.305142
1.976370 -6.572243
2.379452 -1.067846
-1.591186 3.302440
0.018868 -8.934119
-2.520005 1.253010
-7.426252 -5.927389
5.683660 3.178091
6.225856 9.720252
3.747134 6.611533
-2.423096 -0.387071
-4.814905 -9.880517
-1.069589 -8.461908
4.887848 -3.268994
-5.339847 3.399485
9.220427 -9.856613
-3.828365 -2.467654
3.083601 2.512595
-0.779230 0.569824
6.614633 0.010087
-2.832627 -8.495368
-0.399657 3.981329
4.591112 -9.086843
-1.679588 -4.988432
-9.058265 -5.579479
-1.629410 6.812266
8.328210 -1.696833
-4.913321 -3.566538
-0.212771 -0.694813
-0.357286 -9.953506
-3.917482 -5.730491
-4.301118 7.450221
0.468101 -3.113805
-8.764509 0.135209
-7.822144 -4.384007
4.757239 -9.584629
5.244850 5.701075
-3.062800 -7.865615
-2.728703 -3.958611
8.254212 -4.551331
-5.293144 -4.431445
4.293938 -9.573803
3.332203 4.390818
-8.256433 7.370602
-8.596043 8.473418
-3.945538 4.287200
1.253383 4.128720
-8.774937 -6.959275
-9.821750 2.663001
9.732459 -8.866050
4.239938 1.442186
-8.851180 9.333586
7.653733 -6.372835
2.821965 9.389381
-1.362789 -2.414864
-6.826284 7.398113
3.532089 2.245406
-7.814925 -2.246953
0.348757 3.281871
-2.911559 3.979886
-9.131182 9.330162
7.947516 -9.378576
-1.572362 -6.024973
-2.651296 -7.723565
3.806151 9.043350
-6.762119 0.985366
1.579039 -1.853220
-8.040612 -5.661347
-1.546769 0.297431
0.722836 -5.518308
-9.740351 -0.731078
-4.424677 -3.459014
-0.079038 -3.068667
-2.058277 -9.194367
-7.609446 1.676504
1.158930 7.445079
-5.513990 5.163505
-7.843748 -5.156903
2.525185 -7.493574
-7.700577 9.167859
-7.724113 2.391989
-6.278381 4.072566
9.977465 1.727508
-1.889182 8.528498
-2.613390 3.039367
-9.892567 -4.345679
4.518567 -9.058939
1.959434 9.756894
7.900674 -1.881942
8.674172 5.065491
-1.163316 -5.875577
-9.621351 6.103806
9.170516 5.323866
4.082996 2.001720
2.706395 -7.869981
1.510690 0.010840
0.013483 6.249915
-8.714502 9.965453
2.207615 1.912255
5.008224 1.629020
-0.537970 -7.615281
1.901093 7.642684
1.314108 -5.118657
6.500380 -0.192576
-9.971757 -2.369026
-5.304574 6.970484
9.664672 3.325391
3.700328 -4.947122
1.165887 3.645370
7.232554 -1.632798
3.501676 5.219006
-8.682454 -1.429159
1.247118 0.431585
7.540802 4.985327
2.687324 4.164254
-1.949324 -2.755873
5.687530 9.227430
-9.812417 7.559556
-3.171467 1.247365
-6.921430 4.814896
-5.977016 -9.337290
6.167243 -5.789388
5.527574 2.892552
-6.018580 8.461136
1.402818 4.675760
5.879350 -0.227910
-4.458691 8.202950
-4.551655 9.721804
0.788320 -3.840265
2.395122 6.319464
-8.733061 7.830514
-5.562419 3.651914
4.480773 -9.840400
-6.413995 -1.527837
3.542872 7.234588
2.424464 -5.703960
4.537890 -4.453675
4.209607 0.628773
4.667680 4.978649
-8.863868 9.899439
-6.535264 -8.825899
5.532518 -0.905746
-8.069782 2.007809
6.003128 -3.787768
4.590986 -1.100934
-5.067954 -0.712340
4.144912 -5.743632
-0.373777 -8.861368
-3.904610 -9.985228
-8.081768 7.506069
9.801239 1.214982
5.679705 -0.113506
3.522038 -7.876325
3.301930 -8.490117
-7.231990 -3.910169
-8.766714 -1.963140
-7.755043 -2.984495
-6.212374 3.078281
1.208348 -8.925889
-6.796348 -2.610570
-3.607359 -5.323797
2.767647 1.082088
-6.953396 2.166089
8.887435 1.778331
-7.534855 2.816242
-6.576547 2.156262
-3.543322 8.265812
2.728937 -3.481037
3.460581 -3.969473
6.962006 -3.854302
6.569578 -0.586661
-7.837539 4.690169
-0.822687 -5.906345
-6.125740 6.565057
-2.601892 0.703971
-7.511277 -2.706657
0.673679 5.576254
1.130726 9.848355
-2.564261 -5.126764
-9.973329 -5.979384
3.049789 -3.138010
9.231607 -2.666273
9.007766 8.176260
2.715150 -3.326352
-8.894039 -0.045203
-0.568118 2.703107
2.355896 -6.754039
-5.529590 -9.210609
9.687514 5.752571
-0.546793 -8.603025
9.270635 -2.559461
9.855627 -8.153130
4.979629 2.666472
-4.687748 7.106904
-0.529434 -1.893971
8.222072 -4.144740
6.077898 0.643684
6.892187 -8.180777
5.583634 4.516257
-0.097421 -0.933649
4.283273 -9.214650
3.509419 -9.325314
-8.140037 -9.206091
0.978513 -0.469163
-4.472683 1.246231
5.939198 -3.227003
3.257250 4.097945
8.127930 -7.696190
-9.718895 4.410708
-7.200963 9.226789
4.189035 0.789348
5.585119 2.816581
-3.352516 -8.931184
-5.323404 5.942794
4.225973 4.655103
6.263945 7.672497
3.321703 -0.517894
7.479982 -1.206695
6.078244 7.992819
-4.657469 -1.823329
-3.463832 -4.084229
-4.756288 3.793399
8.056519 -3.423559
0.765329 -8.477378
3.590288 -9.786314
-8.879748 -3.385860
-9.359864 7.787730
-7.817991 -2.304442
1.540035 4.384364
-1.164764 4.879299
-6.159637 1.841967
-9.693241 -6.258064
0.962539 2.572767
5.253705 7.420144
2.977672 -8.106752
6.952714 -5.992202
-4.561558 -8.957131
5.564415 2.410935
-3.930516 -5.212349
-3.049761 -8.005633
-0.128630 7.523161
0.445242 8.228405
5.141175 -1.953614
-8.907484 -6.759832
-4.034795 6.405567
-4.955972 6.024089
-1.703883 -6.615104
4.414152 3.270308
4.623210 -0.962071
-2.511773 6.608146
-4.658440 1.990933
1.391311 3.894311
9.363059 7.987015
7.617561 2.330823
6.073860 -5.056528
-4.205155 -2.543887
2.545876 8.283246
-1.714746 1.948312
0.871567 -0.832405
6.301238 4.514557
2.750567 -6.071620
-6.668738 -5.801676
-1.223344 2.384635
7.905716 2.802022
-7.371108 7.135252
-6.391191 -7.452846
-0.644099 6.456232
6.806875 -3.828676
-2.740530 0.486037
3.184146 6.574676
8.194188 6.931857
-8.022219 -6.195177
6.876194 5.888287
3.810177 -2.397034
-9.955437 -6.000927
3.302222 -4.095175
7.017238 -9.084337
4.478359 -5.271732
7.137693 4.956828
9.690441 9.457777
-0.342524 -2.067846
-7.674610 -0.796308
-6.127678 7.054708
-8.631339 -3.870921
-1.130086 5.349752
-4.656923 6.560414
-7.750037 -7.543804
1.940932 1.280502
-3.483664 -1.079302
-0.888387 -7.980477
-5.856372 -5.958736
3.266763 -4.340427
9.514724 -2.800000
7.904663 2.348329
-9.019015 -4.395831
9.318832 4.977639
1.426100 5.356440
5.528963 9.112354
8.305121 -6.298467
-4.657993 8.080942
4.501964 -9.556769
-1.636880 -8.192479
7.125150 -2.413164
5.172785 7.148957
-6.977847 1.150258
9.011067 3.259116
6.339886 -1.946965
5.683458 -2.843225
7.584602 -3.371855
4.911622 -6.923232
-5.953763 -3.188234
9.193590 -3.512721
-6.410466 4.051736
4.433945 -5.317924
9.851371 1.398293
-6.778182 -3.621503
7.567798 1.296080
7.020772 -9.692806
3.876024 -6.833957
-4.403640 5.751626
-7.500584 9.279935
-3.000581 -9.046525
8.685753 -9.277175
4.316327 6.092057
-4.647070 -8.151001
-5.190288 4.939426
-6.003851 1.346256
-9.941234 -0.850489
-4.828249 5.901922
-2.388209 -2.372349
7.513977 -9.536685
-0.355261 8.122007
6.573191 7.120625
5.381008 -6.667332
4.783301 -4.420538
-3.667248 -3.962924
-7.995627 -6.848571
0.949522 -8.925562
9.772380 4.634991
-0.777463 1.047440
4.334753 1.158488
-6.391488 6.658695
-0.281578 -7.683919
-8.736290 -8.144085
2.063899 -1.634163
4.580749 4.930198
-1.594672 7.619085
-5.671541 1.805701
-0.567079 -8.484575
-5.013277 0.639387
2.381948 2.400035
-2.391194 -2.615981
-8.066211 -1.463517
-6.726424 -1.230712
4.244492 4.286945
-9.259758 -6.720074
4.268477 1.552984
-2.624909 -2.746046
-4.326242 -4.398252
5.191840 1.981660
-7.249228 -2.600787
-6.703506 7.076451
6.167371 -8.248145
6.381381 -4.548931
-8.733662 -1.803079
5.643532 -5.118030
-7.157420 3.845299
0.992577 -8.183740
-5.260096 9.414577
-3.653490 1.367018
-2.689528 -0.960990
6.256862 4.503954
3.841248 -1.027266
-4.963020 -0.770924
-3.723949 -6.086817
9.892771 6.340964
1.043841 9.222491
2.710290 -4.026480
-0.356703 -1.891125
-5.995121 8.291836
-4.830623 4.917951
-5.445927 2.925360
-1.932065 9.168556
1.634912 -0.761689
-7.332299 -2.672037
5.046213 5.812888
-8.889402 3.297219
8.922222 1.089406
7.208458 -9.601905
-4.321348 -0.250929
8.227093 -8.198264
5.913443 4.774467
-8.738742 9.918483
4.241729 -6.364956
7.214683 -5.293441
0.045278 -1.551731
1.121169 -1.053008
8.417582 7.375188
1.492289 -3.326238
-5.470574 -9.813898
-0.282454 -2.752378
1.420090 8.529530
3.344272 -8.995715
8.550129 6.039688
-7.919197 5.918665
-6.207188 -5.058628
-3.992218 9.143466
-0.330558 9.945400
3.393474 -5.567913
-2.810927 -6.738330
1.623301 5.673139
-9.783682 -8.491877
-3.721163 9.840371
9.204122 7.655723
8.467038 -4.031260
7.936449 2.059877
2.183978 -0.576873
1.645697 2.277382
8.705686 6.495125
-2.235312 7.698924
-0.187635 -1.400055
9.757034 4.241143
-7.801232 6.301852
3.082327 1.988748
-1.676635 -7.915877
-0.870138 -4.749060
2.391883 1.912832
2.851244 7.806631
-8.007638 3.090675
7.288192 0.485407
3.510729 7.074378
-2.673560 -7.115739
-4.592485 -9.939772
-3.882656 -5.692480
-3.885623 1.864042
-0.455840 -9.223897
-8.119896 -2.858854
8.644326 8.276565
3.023050 7.660166
-9.873602 2.114787
-9.806509 0.818775
3.960509 -9.904793
5.254946 -4.865327
-3.517029 2.256774
-7.437052 5.018514
-6.576801 -4.599721
7.750797 -4.430596
1.572345 1.689305
-3.010622 3.547780
3.036857 -1.378044
-1.364730 7.101911
3.191098 -7.227079
-9.251770 2.006907
-4.510808 6.068785
-9.431581 -4.859276
8.825039 -7.370157
2.549022 -6.996168
-2.739681 9.193769
-1.355988 -2.843062
6.252689 9.084618
-4.858995 -7.846590
-9.044829 -2.714006
-0.615314 3.097768
-4.987027 8.481039
6.289609 9.384921
6.571411 5.198153
9.387573 4.923680
4.092720 1.511616
9.414487 7.384760
-3.515764 -4.422074
8.143448 -2.223778
9.550717 -0.264660
8.140123 -0.820180
3.598752 -0.060074
-4.985406 -1.915318
2.588446 2.647347
8.121724 -7.015203
-6.400485 7.722152
-2.449283 -4.389174
9.337092 -2.644206
-3.128814 -3.086132
4.464110 -6.637665
-5.738707 1.597591
-3.277698 2.131222
-4.105657 -5.050940
-8.934111 9.615438
-3.675181 -4.561025
1.445321 2.935126
1.888979 -0.151518
5.351267 -7.242504
-4.166070 -2.003955
2.564714 8.162383
1.562918 -3.012730
8.187610 6.412584
7.564729 6.069842
3.682877 5.974866
-2.861547 7.473179
-3.017158 7.362089
-6.004541 -4.411563
5.534216 2.238197
1.497909 -7.137156
6.652731 1.023016
-5.742810 -9.092422
6.718147 6.151517
7.633994 0.690739
7.018831 4.236386
-6.499344 -3.864679
9.532784 -9.412791
4.968830 9.552410
1.175292 -1.338608
-5.585186 -1.985403
-5.529155 -0.711810
1.624891 -3.805777
2.321556 -8.587095
-0.319416 -4.047730
0.991942 -4.740502
3.099072 9.634522
-2.653415 9.852224
6.004119 -2.664731
9.949826 9.325772
3.626409 -9.458322
-5.731674 2.017299
0.994579 4.789976
-1.530376 -0.682831
1.051077 9.178759
2.341079 1.912530
9.315219 5.986905
5.071566 8.394385
2.411914 -8.111393
-8.606559 9.890051
1.745298 2.110089
1.952166 -9.416732
-8.621155 -1.090475
-5.213409 -1.137451
-2.477885 0.114952
-6.132108 -4.044386
-6.292036 4.912520
-6.023839 -5.892976
-7.949226 2.436480
-8.189240 4.220255
-6.195940 6.100354
3.184919 -4.181121
4.986093 -3.207755
-5.972116 9.000774
4.272240 -9.118478
8.385472 -5.835772
1.419373 -5.282981
-0.252590 -5.929644
-8.261977 5.645200
7.055239 6.845890
7.075699 5.494479
-7.146814 8.011326
-3.959999 -1.629102
2.402884 4.738647
1.116149 -5.620570
7.608875 -1.720691
-3.712772 7.101904
8.216096 5.840103
2.979915 -5.269884
2.728290 9.063204
-7.780281 -5.335928
9.994033 -9.491855
-7.518906 8.036478
2.014962 -8.773355
-1.238706 6.985179
-0.282844 -7.513914
-5.425453 3.495559
0.594220 -4.285874
-2.298670 6.809207
-4.429479 -6.151966
-7.186307 -5.172211
0.696617 0.012542
-2.684491 9.808714
-6.896569 4.974333
-3.583152 -4.304987
7.856262 7.949006
-1.111066 9.463417
8.570259 -2.346503
2.092257 9.954473
-8.631592 8.146765
9.951350 0.219864
-2.024295 2.323246
0.715635 2.517406
4.553877 6.801549
1.537706 -4.445197
8.595086 -2.777722
-3.796261 -6.173790
7.028118 -6.702318
9.905733 -4.062108
9.884765 -4.019004
-2.389077 -7.710781
-5.208931 -1.716577
-3.966976 -5.971829
-4.989612 5.710306
9.528658 2.672276
-5.044450 -0.369249
-7.237929 -9.448633
0.300450 6.517437
-0.837302 7.956272
8.444663 0.366569
-3.994755 -9.136041
4.632689 -1.903740
8.630506 -2.998850
-4.429078 8.570582
-8.273007 -9.221600
7.942240 -3.161563
-0.764203 9.976973
8.000777 6.222636
3.001964 -1.764701
-9.405728 1.460636
-9.251105 2.575128
9.914058 -5.224351
1.820762 3.916657
-0.928690 3.338305
4.709542 -8.366838
-6.474864 4.930853
1.892778 -5.294531
2.822047 5.308828
-0.707549 -6.031630
-7.237932 -1.968574
-7.985545 -2.763688
-1.204112 -9.749141
3.402369 4.508367
-2.411785 6.759733
-8.994717 7.790038
8.604876 8.256185
0.726077 7.694938
7.052605 6.689645
2.270719 -4.423247
6.600656 7.444140
-3.412682 -1.512644
9.616452 -6.564822
8.088107 -4.104601
5.704040 -1.818114
1.507160 -7.900139
-9.390124 3.143921
0.053997 -1.465343
2.702493 3.166588
1.898712 -2.017084
6.756949 3.797418
-1.450704 2.830680
-6.471547 7.878020
-5.573709 -4.927073
4.159900 -4.188071
-9.923085 -4.330016
8.404296 0.418516
2.420938 -6.905689
7.414906 -2.990173
9.209238 7.235088
1.674133 -3.785670
-4.154716 -9.681374
7.297461 -0.348898
-2.966401 1.698539
-3.466260 -2.088566
-1.387080 -8.595552
1.950429 8.336211
-6.978575 -8.262011
7.902124 -9.179521
2.588566 -2.042567
7.358511 6.255695
-0.097483 5.599043
9.980875 8.646040
5.572717 -6.565475
4.392900 -0.121181
-1.063494 -4.522202
9.484956 3.202647
-7.128516 -4.873577
-7.599004 -7.138606
-6.766395 2.050225
6.891627 -8.411074
4.515127 -6.878022
5.018968 -0.163626
1.365096 -9.456680
9.052824 4.418377
6.138412 -3.016288
9.560369 -5.514147
-5.421838 5.429635
7.376862 -7.054005
-8.979213 -2.286937
-4.927805 8.686971
5.893507 5.841574
-2.453502 -6.342905
-2.140578 8.889774
3.954219 5.772050
-5.740324 7.820718
-0.753401 -4.254246
3.581018 -0.255896
3.284439 -7.048800
-6.002380 -1.794171
4.325037 1.560340
-3.829560 7.493755
-4.112688 -4.905446
0.012437 -9.639809
8.279184 -7.046229
6.692907 -0.035146
9.668457 6.759652
9.305668 -7.132009
-9.202624 5.090055
-4.458849 -7.163143
4.731728 0.506802
8.114036 5.896167
-8.053227 -4.498572
0.146181 -6.698819
-6.290770 5.659314
-4.830280 -9.943293
0.810281 4.327816
8.420164 1.378772
-5.067783 -0.788690
9.754915 5.708782
7.760838 -7.315449
-1.168342 1.188615
-5.080534 -5.764277
9.590463 -9.509877
-4.281577 -1.946707
-7.779729 -2.513249
9.308123 -5.858273
2.173205 4.748598
-5.329108 1.936241
-6.259476 7.201856
5.533308 5.718703
-2.518802 1.938671
-6.557221 8.543107
-7.441780 -5.475654
-6.489646 -1.428999
-8.860579 7.562243
-7.097001 -4.245740
-0.509984 0.702269
-6.961310 -6.195955
6.135791 4.433428
5.226376 9.436021
5.616773 4.546911
4.144529 7.797062
7.373927 -0.786885
-8.951220 -7.171145
-7.929734 -2.361207
-6.266125 5.314836
-0.974381 5.754932
6.250542 -9.784634
-4.474341 2.619344
6.933126 6.956036
-4.113964 -6.453496
0.767457 4.726947
6.484937 5.753710
-4.154401 -3.261991
-4.884994 -9.634600
-1.852639 4.882583
-6.573703 3.288471
9.355797 -9.605810
