512
-25.123456 30.654321
-12.345678 -47.654321
35.876543 12.543210
-8.234567 9.876543
15.432109 -19.876543
30.987654 45.432101
-42.098765 -20.123456
-22.345678 13.765432
45.987654 -15.098765
38.765432 -2.876543
-25.345678 -38.654321
9.876543 -30.123456
-13.987654 48.234567
12.987654 -32.765432
5.123456 23.987654
-17.654321 -29.123456
8.876543 40.654321
-32.098765 15.123456
23.876543 9.987654
10.876543 -48.123456
-5.432109 6.987654
3.123456 35.987654
-18.765432 -10.543210
29.432109 -28.765432
-33.098765 -4.876543
17.987654 47.234567
-9.876543 21.123456
44.432109 32.654321
-14.543210 -23.987654
27.098765 13.543210
-30.876543 25.123456
19.987654 -37.654321
-11.987654 36.234567
8.123456 12.765432
-40.098765 14.987654
18.432109 -20.876543
35.987654 18.765432
-2.876543 -32.432109
7.654321 28.987654
-41.987654 22.654321
22.876543 -17.543210
9.765432 -9.432109
13.876543 29.987654
-25.432109 -40.123456
6.987654 7.876543
17.432109 -23.098765
-27.098765 40.654321
5.876543 -21.432109
-14.987654 38.987654
3.987654 -45.543210
21.543210 -8.876543
-35.123456 42.987654
8.432109 -26.543210
28.123456 11.876543
-6.876543 -15.432109
19.654321 39.876543
-31.987654 -22.123456
12.543210 -9.876543
-24.098765 33.432109
44.987654 10.987654
-29.432109 -17.123456
38.123456 29.876543
-15.098765 23.432109
18.876543 -19.987654
-5.123456 41.987654
7.987654 -35.123456
24.432109 -24.876543
11.876543 16.123456
-20.654321 30.987654
5.432109 -7.987654
26.876543 6.432109
-39.876543 13.876543
15.987654 -40.432109
4.987654 14.123456
-42.876543 18.654321
23.654321 -13.987654
6.543210 45.876543
-18.432109 -29.123456
20.876543 17.543210
-34.432109 -8.765432
3.876543 27.543210
-21.987654 19.876543
45.098765 -12.876543
10.543210 22.987654
-37.987654 26.543210
19.432109 -7.654321
-8.098765 25.432109
16.123456 -27.987654
33.876543 7.123456
-10.876543 37.543210
12.432109 -5.987654
29.123456 38.987654
-3.765432 -20.123456
34.987654 -28.765432
-17.543210 44.876543
5.876543 -25.432109
14.765432 9.432109
-39.123456 17.876543
9.987654 -8.432109
28.543210 -14.987654
-22.876543 37.432109
6.123456 31.654321
-19.432109 -23.987654
36.876543 5.432109
-12.123456 46.987654
18.543210 -11.876543
3.654321 13.987654
-25.987654 -40.654321
11.432109 27.876543
-8.543210 -19.123456
20.987654 14.876543
-17.987654 30.432109
34.432109 -7.543210
9.654321 -12.987654
22.987654 39.432109
-36.123456 6.876543
13.876543 -45.432109
5.987654 21.432109
-30.432109 16.987654
16.123456 -10.543210
-41.987654 -4.876543
29.987654 18.432109
-14.543210 -28.765432
24.432109 13.876543
7.876543 -15.432109
-23.987654 29.432109
10.432109 8.765432
-6.876543 38.432109
28.987654 -19.876543
4.543210 25.987654
-18.987654 -14.876543
32.876543 12.432109
-27.432109 45.987654
11.654321 -8.543210
20.432109 31.543210
-9.876543 22.654321
14.987654 -4.876543
-34.543210 18.876543
17.432109 7.123456
-11.987654 -26.987654
42.123456 10.543210
-24.876543 -3.987654
8.987654 29.123456
-16.432109 40.987654
3.876543 -17.432109
27.654321 15.432109
-10.543210 11.987654
21.876543 -29.123456
-39.432109 14.876543
12.654321 -23.543210
30.876543 28.432109
-6.432109 44.876543
15.432109 -12.876543
-20.876543 22.543210
29.543210 17.432109
-33.987654 -15.876543
19.987654 31.876543
-17.543210 10.987654
4.654321 -9.543210
36.987654 5.987654
-12.876543 13.432109
23.432109 -28.987654
9.543210 6.432109
-28.432109 25.876543
14.876543 11.432109
-24.543210 43.876543
27.987654 -18.543210
-9.432109 -24.876543
33.123456 24.543210
-16.543210 7.987654
6.987654 35.876543
-37.987654 -12.432109
26.654321 15.543210
-8.876543 19.432109
21.432109 -22.987654
-25.432109 18.987654
3.987654 10.654321
41.876543 -17.654321
-19.543210 23.987654
8.654321 -4.987654
29.432109 12.876543
-23.432109 -6.543210
16.876543 29.432109
-6.987654 -30.876543
7.543210 26.432109
-41.654321 4.987654
22.432109 -9.876543
4.123456 28.876543
-31.987654 17.432109
27.432109 -7.876543
10.876543 39.543210
-18.432109 -5.876543
33.987654 20.543210
-22.654321 35.987654
5.432109 -28.765432
25.876543 8.432109
-15.987654 11.654321
18.543210 -32.876543
-30.432109 29.123456
9.876543 4.987654
-11.543210 -17.432109
34.876543 6.543210
-8.765432 12.987654
23.543210 -21.876543
16.987654 24.876543
-29.432109 18.543210
7.432109 -6.876543
21.654321 19.876543
-24.987654 -10.543210
11.432109 27.543210
-17.876543 39.987654
32.543210 -4.987654
-9.543210 22.876543
40.123456 -5.432109
-26.543210 33.987654
15.432109 -9.876543
6.987654 41.654321
-12.876543 -25.987654
30.543210 15.432109
-5.987654 12.876543
19.876543 -28.432109
-38.987654 17.543210
23.876543 29.432109
-18.432109 -13.987654
42.876543 -11.432109
8.543210 25.987654
-13.654321 14.432109
27.432109 -24.987654
5.123456 33.543210
-26.876543 8.432109
21.987654 11.543210
-14.432109 30.876543
3.876543 -17.432109
31.432109 28.543210
-7.432109 -19.543210
24.987654 -16.543210
16.123456 -18.987654
-3.876543 22.543210
25.987654 -10.876543
14.765432 9.876543
-20.543210 30.432109
11.987654 -17.543210
-25.876543 19.543210
17.432109 28.876543
-12.876543 -4.543210
19.876543 -15.432109
8.432109 21.543210
-18.432109 27.876543
27.543210 -14.876543
-5.432109 8.876543
30.123456 10.987654
-10.876543 -23.987654
20.432109 15.654321
-29.543210 22.987654
13.987654 -9.432109
-6.543210 14.876543
25.432109 19.876543
-14.987654 -30.432109
16.543210 7.987654
-11.432109 18.876543
22.432109 -12.987654
9.876543 5.432109
-21.432109 29.987654
26.543210 -19.876543
-3.432109 16.543210
18.876543 -11.432109
14.432109 28.123456
-15.432109 -25.987654
7.543210 13.987654
29.432109 -10.543210
-4.876543 22.876543
17.987654 -28.543210
10.543210 27.654321
-12.987654 15.432109
23.987654 -9.876543
-6.987654 30.543210
15.432109 -13.987654
8.987654 24.876543
-27.987654 -5.432109
19.543210 10.987654
-20.876543 18.543210
11.987654 -22.543210
30.432109 12.543210
-5.987654 9.876543
24.432109 -15.432109
-8.432109 28.432109
14.987654 -10.876543
17.432109 13.654321
-29.876543 26.543210
10.876543 -17.987654
22.987654 8.432109
-13.432109 -26.876543
15.543210 27.432109
-6.432109 20.876543
23.432109 -7.432109
8.543210 19.987654
-17.543210 30.876543
27.987654 -19.543210
-4.543210 15.987654
28.543210 9.876543
-11.987654 22.543210
20.543210 -5.432109
-24.876543 14.987654
16.987654 -10.543210
5.987654 26.543210
-30.543210 7.987654
13.432109 29.876543
-9.432109 -18.876543
25.987654 17.543210
-21.987654 12.876543
10.543210 -14.432109
26.432109 5.987654
-7.876543 20.432109
23.876543 -9.432109
8.432109 16.987654
-19.987654 30.543210
18.543210 -13.432109
6.543210 21.987654
-16.432109 29.432109
29.987654 7.543210
-5.876543 -28.432109
14.432109 17.876543
-28.987654 11.432109
20.432109 -19.987654
11.876543 8.432109
-9.876543 22.876543
19.987654 -6.543210
-12.543210 30.987654
15.543210 25.432109
-7.432109 18.987654
27.432109 -11.432109
3.543210 14.987654
-17.432109 30.543210
12.987654 -23.543210
28.876543 13.432109
-6.543210 44.876543
18.432109 -12.876543
-25.876543 20.543210
19.987654 32.876543
-34.432109 -18.543210
11.543210 31.987654
-21.543210 13.432109
4.876543 -8.543210
37.987654 6.432109
-13.987654 15.876543
25.432109 -29.876543
14.543210 6.543210
-29.432109 26.987654
19.876543 12.432109
-24.432109 43.543210
28.543210 -17.543210
-10.432109 -26.876543
31.543210 23.432109
-19.987654 8.543210
7.987654 36.543210
-38.432109 -13.987654
25.543210 14.432109
-7.543210 18.876543
23.987654 -20.543210
-26.432109 19.987654
6.876543 9.543210
42.876543 -18.432109
-20.543210 23.876543
9.543210 -7.876543
30.987654 13.432109
-24.876543 -8.432109
15.987654 30.543210
-7.987654 -31.432109
8.543210 26.432109
-43.987654 5.432109
24.543210 -8.876543
5.543210 28.432109
-32.876543 19.876543
27.432109 -8.432109
13.987654 40.543210
-17.876543 -7.543210
34.543210 21.432109
-23.543210 36.987654
6.432109 -29.987654
26.987654 8.876543
-15.987654 11.432109
11.543210 29.876543
-20.432109 -4.543210
18.987654 7.432109
-24.543210 13.987654
17.432109 -27.432109
9.987654 12.543210
-7.432109 -20.876543
22.543210 5.987654
-19.987654 17.876543
12.543210 -14.876543
25.876543 29.432109
-6.987654 38.432109
19.432109 -21.543210
5.432109 20.876543
-23.543210 17.432109
14.987654 -10.543210
7.432109 27.432109
-26.432109 -8.987654
20.432109 9.876543
-9.432109 31.876543
17.543210 -12.432109
10.876543 23.543210
-15.543210 29.432109
21.987654 7.543210
-4.987654 -26.543210
16.987654 17.432109
-29.987654 11.432109
18.432109 -19.543210
11.543210 9.432109
-8.543210 23.876543
23.432109 -6.543210
-13.432109 31.876543
17.543210 26.987654
-10.987654 19.432109
28.432109 -12.432109
6.543210 12.432109
-18.432109 -17.876543
21.876543 8.432109
-32.876543 12.543210
25.432109 -10.543210
11.876543 27.654321
-15.432109 -25.987654
8.543210 13.987654
29.432109 -18.543210
-5.876543 22.876543
17.543210 -28.432109
10.987654 23.543210
-12.987654 15.432109
23.987654 -10.987654
-6.543210 30.543210
15.432109 -14.876543
8.987654 25.876543
-27.987654 -5.432109
19.543210 11.987654
-20.876543 19.543210
11.987654 -22.987654
30.432109 12.543210
-5.987654 10.876543
24.432109 -16.432109
-8.432109 29.432109
14.987654 -11.876543
17.432109 13.987654
-29.876543 27.543210
10.876543 -18.987654
22.987654 9.432109
-13.432109 -27.876543
15.543210 28.432109
-6.432109 21.987654
23.432109 -8.432109
8.543210 20.987654
-17.543210 31.876543
27.987654 -20.543210
-4.543210 16.987654
28.543210 10.987654
-11.987654 23.543210
20.543210 -6.432109
-24.876543 15.987654
16.987654 -11.432109
5.987654 27.543210
-30.543210 8.987654
13.432109 30.876543
-9.432109 -19.876543
25.987654 18.543210
-21.987654 13.987654
10.543210 -15.432109
26.432109 6.987654
-7.876543 21.432109
23.876543 -10.432109
8.432109 17.987654
-19.987654 31.543210
18.543210 -14.432109
6.543210 22.987654
-16.432109 30.432109
29.987654 8.432109
-5.876543 -29.432109
14.432109 18.876543
-28.987654 12.432109
20.432109 -20.987654
11.876543 9.432109
-9.876543 23.876543
19.987654 -7.543210
-12.543210 31.987654
15.543210 26.432109
-7.432109 19.876543
27.432109 -12.432109
3.543210 15.987654
-18.432109 30.876543
12.987654 -24.432109
28.876543 14.432109
-6.543210 45.876543
18.432109 -13.987654
-26.876543 21.432109
19.987654 33.876543
-34.432109 -19.543210
11.543210 32.987654
-21.543210 14.432109
4.876543 -9.543210
38.987654 7.432109
-13.987654 16.876543
26.432109 -30.987654
15.543210 8.543210
-29.432109 27.987654
19.876543 -12.432109
24.432109 14.987654
-24.432109 44.543210
27.543210 -18.432109
-10.543210 -27.876543
31.987654 24.543210
-19.987654 9.543210
29.987654 -11.432109
-7.543210 15.876543