64
2.081209 -5.034702
-5.749236 -4.882595
2.379936 -5.349045
-5.533544 3.833818
1.84398 -2.652934
-6.7976 7.592002
-9.496606 0.061671
5.922014 3.738553
-9.303641 5.916404
-6.557699 -8.192477
-6.457274 -9.821858
-5.06659 6.750218
3.775217 7.620929
6.049608 5.509465
-2.407753 0.925516
-4.28262 5.596637
7.6029 -4.689877
4.654384 4.7659
-9.032104 -9.689839
1.754941 6.248865
8.665459 -7.703135
-1.386287 -9.330962
-0.582024 4.168367
6.017989 -3.243157
-3.333254 -7.116833
6.108342 2.170554
-6.077042 5.925071
-3.53544 6.897672
7.133121 -5.672754
8.593942 -1.143519
4.506722 2.306035
-7.022672 4.898699
7.946082 -7.378547
-2.979651 8.013238
5.676291 -2.779729
-0.301371 -4.257222
-7.435499 -7.671167
7.963509 2.50973
5.870094 -5.013721
0.934387 -6.741321
-6.934272 1.788529
2.230866 -1.371936
-2.467462 6.507349
-6.234872 -6.090113
2.337909 4.638691
0.250621 2.211533
6.921271 -7.93763
-9.7857 -6.130207
-2.490277 6.008467
0.605267 2.42492
-3.535534 9.027368
1.513037 -0.465318
4.948426 -7.5369
-6.099682 -6.468804
0.267799 6.475793
7.336207 8.724594
2.214032 -9.380164
7.778396 7.975859
6.279184 5.812311
-9.693238 7.788778
-4.26594 -9.456784
1.679004 0.507476
4.250954 2.446375
8.708012 2.320522