1024
-2.727549 9.449417
-9.439781 -2.471607
7.427838 -7.400085
1.566221 2.036040
-5.626149 -0.590707
0.303184 -9.091514
-4.294643 6.354473
0.586850 -4.369424
1.206353 4.188532
3.770697 -8.319955
-8.544691 6.188421
-4.264071 6.160046
1.007570 0.821590
7.945443 -8.674192
7.424169 -5.002697
-2.217628 5.814077
1.530612 2.498725
6.399429 -8.544718
9.061238 8.589092
6.577267 -2.315360
-9.079393 3.593887
-0.545475 7.245751
4.295103 -1.712147
-2.512448 4.069308
-7.627480 9.608463
-0.104829 1.094095
-4.565618 -8.451893
-3.441557 -5.496926
2.542211 -7.301794
0.149711 3.755673
1.123280 2.481375
-2.105589 6.558750
5.107133 7.343190
-8.086153 -4.219970
-0.151116 6.770898
-6.998921 5.211651
-1.021894 2.917723
-0.905052 4.982187
0.654188 -9.184223
0.447053 -7.995898
-8.672919 -1.586133
0.259858 5.950814
-1.133292 -6.360238
8.553322 9.378951
9.517754 -6.737383
-9.109727 2.701780
-1.990296 -5.203198
-3.766487 -9.007508
-9.575100 6.631042
-8.935464 -9.843844
8.193326 9.082604
4.268534 -4.174692
4.892383 -7.888154
-9.417875 0.713574
1.345904 -8.627887
-2.236350 5.282602
-6.378770 -2.681375
-7.626933 -2.230675
-7.236197 0.187010
-1.793124 4.403522
-3.571636 -2.445747
-6.040812 2.323321
-5.799814 -9.486796
9.493662 -7.480011
5.643679 -2.504637
6.328402 -8.633933
-6.603520 6.233739
-4.159079 -4.931029
-3.290299 -5.761933
1.994483 1.600526
0.143903 9.818233
-1.942978 -1.640985
-8.570234 -6.271290
3.829090 -3.006265
9.532337 8.773375
9.950938 -6.778502
-9.074656 -5.555280
5.361627 0.741724
6.819325 6.961454
4.345746 -5.566171
-2.329253 3.078718
-5.646697 3.122025
-0.063289 6.851890
3.201705 -4.290730
0.000678 2.651888
-6.508408 -9.279419
0.758652 -5.160640
5.739946 -7.281340
8.479036 -8.783808
7.094283 -6.269091
9.925166 1.733316
7.146220 -7.640099
1.473821 8.441454
9.327232 7.329816
-1.424867 8.212428
-5.328232 9.861430
-8.711960 -7.842637
-5.199264 -2.184262
-5.071019 -5.667141
0.172694 -2.808163
1.088504 1.381354
2.684726 -2.064658
7.759692 -5.969344
-3.108107 -3.272238
6.679315 0.492047
6.157792 6.262063
-4.037435 -2.081252
-6.305129 -2.414609
-7.731640 8.958244
3.444405 -5.359824
-1.188799 8.602088
7.373142 -8.167521
-6.579753 7.336092
0.722394 -3.975811
8.010406 -2.195842
-0.492767 7.546496
-8.507933 -9.089045
4.218707 2.577657
-3.990420 -0.164869
-3.001987 9.813609
-7.350816 3.436297
-0.536138 5.301175
8.997783 -1.633725
5.168734 2.889014
-7.371571 3.114517
-5.044253 0.691565
-3.370331 4.682492
-9.334139 -1.932753
9.274397 7.328188
1.194134 -3.915491
-9.682888 4.023952
-1.425191 -3.134016
-0.223497 -5.627574
5.546492 4.546601
5.699785 -0.947119
-7.868846 -5.282010
1.959358 -2.129956
-0.821324 3.850378
-0.543544 -9.445527
7.844206 -7.127947
3.410920 1.099074
5.869994 -2.724024
0.319061 4.291275
7.630891 7.757606
-3.859817 -9.813815
-7.319446 7.871901
-8.204351 0.867177
8.122169 6.618056
8.140294 -5.619730
4.928517 8.764262
-9.140775 -6.926082
-4.338617 -0.503140
7.033755 -3.565916
-1.834531 -3.744059
-1.552435 9.124383
-3.334306 -7.988038
3.739512 7.735551
-9.295818 5.202871
2.781647 8.679759
-6.278562 -9.426995
9.741461 -0.193395
9.440785 9.063871
-2.756579 8.405528
-3.524261 7.981151
-9.909169 4.309023
-8.623267 2.645992
6.839012 6.865939
-5.083127 6.726392
-4.799158 7.223361
-9.329114 7.105966
9.975393 1.833450
-8.219562 2.769110
-0.026975 -2.517994
-0.604191 0.915236
-1.297427 -2.551269
-3.343679 -6.394890
-1.585951 1.405118
3.081763 8.451658
7.644075 4.063344
-7.048603 -5.657403
-9.726116 7.559748
-3.834290 -7.668878
8.777967 -9.753777
-5.626128 7.126331
-2.785622 -6.340338
-8.782115 -4.467475
0.017930 6.259056
1.315463 6.317674
4.738831 -6.395669
0.694133 7.222456
0.285252 -9.099964
9.417515 1.524524
-8.277910 -0.193373
-9.565424 -8.183329
-2.821096 4.525166
-9.811049 2.796818
-7.557461 5.498814
-6.997159 8.350496
8.081683 8.503796
-3.533356 -1.568650
3.362163 2.960247
-0.662955 1.580245
9.570092 6.350379
4.953732 -9.890950
-6.483728 6.711038
-1.928793 -1.605452
-6.235105 -8.510695
-4.194533 9.417135
0.342720 -2.678295
-8.802919 2.560669
5.584049 0.402618
7.543176 6.618057
6.431192 -2.838478
-2.923204 5.466624
6.746102 -5.559642
5.928957 9.920817
-5.677779 -3.978610
0.509236 -5.619193
-8.173990 -9.389185
-0.184403 4.428277
1.589571 6.555463
-8.128789 -4.362044
1.171063 -9.666539
-0.313769 -9.480575
-2.435185 -1.126063
4.304726 2.460804
6.937105 -1.326988
3.589415 5.921254
1.632844 7.733350
-7.172242 7.049791
9.573186 -6.113384
2.567527 1.975821
4.355069 -3.171116
5.124098 5.918877
-2.607489 5.505860
6.621290 -4.387963
-1.582654 2.058217
4.135565 -8.882923
5.207235 2.867070
-8.260792 6.865446
7.271434 2.642051
4.770532 4.370423
-8.084083 8.658319
-7.745317 9.675659
6.998184 8.206346
-4.464119 0.242212
3.171543 1.185127
-9.498158 7.040737
-0.242780 -7.648173
-6.722274 -7.220748
2.407109 -5.717526
-0.675613 -1.464291
-1.592206 5.738520
9.704349 -4.908537
7.828111 -2.509161
1.023386 -1.876032
5.499424 -9.050389
1.477726 7.926023
-3.405988 -9.788341
-9.005504 -1.574997
3.851063 2.320507
-5.143141 -0.942701
8.042231 -9.411784
-2.215642 -8.715142
7.357679 -0.548502
9.878022 -5.087634
8.252091 0.537696
-2.455897 6.964150
7.853347 9.685716
-5.795284 -6.644443
0.937836 8.522975
3.972136 9.915540
-5.320556 6.201798
-2.871621 -0.939878
5.600017 0.433189
3.251367 0.448135
8.264787 -2.791201
2.293990 -0.054829
4.662161 -2.259685
-0.064249 -7.650889
-0.597083 9.582986
-4.745260 -5.523228
6.338259 6.693933
2.737380 9.824324
-7.607742 9.864120
-3.391531 -4.309364
2.552582 6.613987
-1.561511 1.281490
-2.196697 2.423340
-4.126658 1.214985
2.860288 0.824466
-6.364600 -5.485797
-4.781971 -4.806947
2.507155 -1.221591
-6.475381 3.194731
-9.038166 6.512022
5.684076 -9.356967
4.679474 -4.743738
9.067042 0.799074
-9.599381 4.195870
5.633962 -1.738694
-9.796771 0.203665
-5.779204 -7.460718
-7.034457 4.448286
3.133578 9.879582
6.561138 5.359049
-5.305262 -6.208805
8.552911 0.697043
1.559077 3.386101
-2.960675 9.413393
-5.167206 0.446651
7.760589 0.406135
-7.431889 1.633280
7.095412 4.198719
6.850863 -7.389527
1.306015 -5.554588
1.480525 9.533738
-3.208321 -0.658340
5.817994 -6.997342
-2.017274 -9.197958
0.052774 -8.109058
-2.602696 3.425202
6.290936 -0.946465
-5.472133 -3.787676
-0.501101 -2.974044
4.387971 -0.756254
2.707035 8.934192
-3.156476 -7.702215
1.455663 6.617715
2.197178 -0.608476
-5.357638 -3.886943
-7.113254 4.495053
9.635157 2.960662
3.093620 -7.766838
9.417070 -7.062569
-2.910706 -2.164638
2.443564 -9.571588
0.693337 -8.469325
-7.819383 1.008261
-6.944776 -3.701052
-5.659271 -5.345127
-5.617654 0.858684
6.183258 -1.171516
9.033429 -2.596586
-1.852832 -5.833606
-9.387683 -8.738661
1.631521 -6.923004
-0.338234 -6.714295
8.842754 -2.821320
6.827333 9.667026
0.527366 -6.466465
1.782563 -0.110838
8.445509 -3.151884
-2.592017 -6.058219
-8.976447 7.626628
5.538323 -4.536932
6.334116 8.718669
-9.453548 0.347637
6.151150 -7.525253
1.581471 6.525288
-6.442346 -1.594256
-0.375361 -3.830334
7.732741 -5.909674
1.297527 2.621921
6.313611 -9.873580
-9.245295 7.646725
-4.908642 6.405284
-9.230300 -5.384868
-7.336388 -7.578794
8.192750 6.821705
0.716150 -8.459525
-7.155227 -9.646121
5.844985 -8.568479
-2.961336 -8.923783
1.254325 9.230024
-7.258222 7.586936
7.501361 -6.680929
-7.604315 -9.413996
-6.760623 9.801391
-2.383104 7.583887
-3.122463 6.855168
-7.644606 3.630667
1.864744 3.220272
8.215162 -2.827948
5.761741 3.688576
7.257295 5.461589
-3.660555 -0.902477
-2.940699 5.432812
-9.698553 2.875259
2.377306 -9.473934
-9.838230 -4.974939
9.113394 -3.239166
7.666493 2.057410
6.306575 5.180706
2.632766 -4.533870
-7.616674 5.615656
-0.017783 3.450044
-6.725245 3.115744
2.107268 5.083384
8.605144 -9.051599
-0.031245 -2.305057
5.872544 -7.759812
-4.777217 4.149119
1.354200 -2.397266
4.752036 -7.348712
6.316176 -1.854898
-1.893918 -9.114295
3.936421 -9.349957
-7.587489 -0.943309
-8.871229 0.913498
-2.633218 0.565443
7.979379 2.872624
-4.191262 0.348684
-8.288414 8.479741
-1.559800 0.941254
-9.437383 8.059065
-9.517453 8.924102
-0.452752 -4.921813
6.782954 1.770126
7.459314 5.296923
-4.302556 -4.914887
3.669730 -6.456587
0.212434 -9.412015
6.859568 -3.866242
1.018666 2.462759
0.385984 -8.239063
1.676637 5.486198
8.717741 0.307996
-6.828171 -1.971875
3.930002 -0.107413
-3.465512 -9.673089
-0.925648 1.579219
3.991456 -6.276058
2.515078 -6.599733
7.840083 -6.757247
3.647341 -2.092396
3.382727 -4.185474
-2.453231 0.708098
7.010236 6.528618
7.438942 -6.639519
3.856909 -6.577995
-4.051262 -1.139297
-7.125873 9.321757
2.921537 0.199130
-0.298173 6.405184
2.922893 -5.432626
0.330645 -2.782250
4.266299 -5.554846
-2.513810 4.759338
-7.973902 -4.726393
8.195119 8.244432
5.010793 -6.049874
6.065143 9.216330
0.965266 -4.423619
-3.072212 8.122516
-9.188141 -2.113191
4.861085 7.643928
-6.400947 0.251005
5.369990 -2.489223
-1.515235 -4.788100
-2.453309 8.610051
-7.522976 -6.601586
7.117791 5.509110
-7.101427 -3.250520
8.590934 8.603271
-3.349068 -0.213558
-8.036112 -8.513813
0.077119 1.254930
-4.920609 -1.790528
-3.483581 7.533352
-2.305816 -1.731254
-3.496580 2.084088
6.790986 -0.642943
-7.004704 -2.544364
-4.022303 -9.299852
-8.525791 4.652283
1.311872 -2.181513
9.787696 -2.326503
0.439117 3.687757
-6.997695 -3.404211
3.508802 -7.805883
-5.671846 -8.569760
-8.716066 -8.761067
6.121581 9.347328
8.339960 -3.784459
4.270827 2.577357
-5.144802 -8.946838
6.703558 6.442529
-0.711357 -0.307365
-8.716773 3.273813
0.234342 2.719136
-1.996217 0.844937
-5.706506 -6.201634
6.296781 7.184627
-7.722148 8.501904
-6.770104 -8.275799
2.984806 -4.275765
-5.890578 3.970480
3.217935 8.165746
6.622057 8.607300
1.625400 2.202207
6.021827 -9.952633
-5.672887 3.329447
1.825748 -1.841050
8.609436 -0.091327
-1.061826 -8.937653
3.292295 0.707825
-4.684760 0.259842
7.527835 -7.666992
0.409172 -9.438629
-1.593934 0.478496
9.323686 8.351147
-6.449860 4.976405
6.324721 -8.961931
3.409670 4.684143
-2.394191 5.284640
-5.879423 -2.157674
1.810995 9.130192
-0.982828 8.353812
-1.507080 2.485494
2.401752 8.306032
-2.280052 0.629682
-8.030050 -5.791529
2.001734 -5.794646
5.457119 -5.421551
3.210376 7.777187
-6.208434 -6.118748
4.625740 6.100286
-4.415713 4.264376
-2.034370 -1.273455
1.037293 -9.913708
1.803104 -6.834494
3.860147 2.028305
-4.163054 -9.853767
-0.484844 8.429033
7.686972 -9.063586
-1.917608 8.409666
6.376121 7.208787
-1.132753 -4.258041
7.744202 4.650932
-9.793787 -4.503460
7.373062 0.525004
-6.785679 0.213192
9.531991 -6.855442
4.920575 -6.761034
-8.114980 -3.045680
-7.208745 7.454004
-3.330529 7.165681
8.644220 2.086417
6.047243 1.076976
2.755967 8.146661
-6.970583 5.924340
9.065321 -1.994984
-0.965323 -7.412978
5.110062 3.291984
-3.487970 5.216668
-7.676840 6.791513
2.853443 -2.628901
-7.763610 -7.134085
2.242798 6.262118
-7.694766 -7.934376
1.012727 -4.469296
-7.862782 -9.664912
-6.835183 -0.810064
8.380047 -5.968953
5.324941 -0.148877
-5.574784 8.039242
6.735305 -2.762271
-3.644760 9.935283
-8.868162 0.672029
-6.916939 -7.313898
1.218759 -7.214874
3.739789 -3.341364
-5.787379 -9.201503
1.417822 -9.089576
6.526433 -1.517150
2.287346 0.304624
-4.641996 0.717196
-7.553133 6.104923
9.827965 0.473270
-3.785285 3.522470
6.167748 3.368923
0.555928 7.121693
5.582277 0.760213
7.479094 -8.940583
0.729512 -0.471638
-2.174087 5.071982
8.235858 1.700825
2.418955 -1.414319
8.780701 -8.556165
6.903453 0.160922
-7.781469 6.197399
4.234290 -7.832477
-9.951238 6.222367
2.203736 4.334682
9.689300 0.934724
-8.451523 0.818663
9.526401 -0.041391
4.408575 7.090111
1.257531 8.315666
0.731837 1.787374
-7.084317 1.230931
-7.531463 -0.684466
-7.225092 2.367751
1.719107 -8.396189
6.471081 3.631003
9.821640 -3.381402
-5.033777 -4.816069
6.958851 1.481079
-3.993771 2.949752
7.177907 0.951264
-9.201808 -4.656251
-4.920575 1.819240
7.246604 -0.269219
-6.824815 -9.324203
-0.088962 -7.525764
0.114410 -6.105648
-5.979884 -0.658436
-7.474868 -5.941975
0.787801 7.109681
-9.025207 -4.781886
0.927531 -7.656386
8.689765 -4.184080
-8.162136 2.492561
-3.528993 -7.074746
4.233272 -0.304042
-4.905479 -4.934584
1.004431 2.239248
-4.769200 -6.627874
6.086048 6.747492
1.094300 1.904954
2.712807 -9.037549
-7.993887 0.372599
-9.767545 7.727610
-4.071760 0.364824
-1.874381 0.551809
9.502519 -5.834545
-1.229054 -9.889875
4.945358 -2.971721
-2.105127 -1.377253
5.916220 0.767815
-2.975361 -3.748294
9.834463 2.029159
-0.948290 8.484596
6.206487 8.729897
2.654541 -4.416911
8.429740 -1.699951
-8.870612 -3.952001
4.639042 6.515064
7.193350 -8.884458
-0.525186 -3.192156
5.795838 -6.195117
-3.388870 -9.786969
2.072449 2.835649
1.002238 -0.760004
9.397188 -5.740808
3.022098 4.186976
-1.629865 5.581046
6.294013 -7.563130
-4.588159 -0.440566
-6.480343 -4.514034
7.584751 5.614242
-0.989131 8.125479
-8.494018 -5.921420
-0.532538 6.730108
3.847397 -0.897938
-5.670812 8.829739
-6.049373 -4.899618
-4.528935 -6.308164
-0.937395 -8.501784
2.321842 -4.063482
-3.278334 -0.286303
6.878619 -6.851119
-2.738838 0.652654
3.519401 -0.248081
-7.306240 6.988865
-7.399572 -9.551318
-4.931671 8.924766
-0.755606 6.642546
-0.183006 4.499891
2.264794 0.390915
8.873581 6.889371
-6.385077 8.901470
3.581457 5.009393
-0.518284 -7.339851
4.448330 1.799048
-6.361803 3.981125
-8.734315 -1.482828
6.090091 0.468858
-2.203569 6.536183
-9.522996 -1.339620
3.929865 -3.171640
5.379496 9.003781
0.842938 2.080775
9.807706 -9.496053
2.724762 5.536620
-3.348297 3.574259
-1.758111 -0.776427
-4.783751 5.452579
-5.255887 -7.944149
-4.021296 6.887035
-6.379089 6.110968
7.622342 4.001076
-2.838860 -5.223489
2.143762 -6.016024
0.740040 -0.671383
-0.108383 0.005509
5.464148 -1.016775
-3.260161 1.119563
4.101215 -1.116228
3.995136 -5.513086
3.745980 2.097287
3.540595 -9.729139
-2.728469 -6.272972
-0.970748 -2.565596
-3.089871 3.284797
8.730383 2.659993
-0.779120 9.690285
-2.477937 -9.576740
2.498178 8.839508
3.095860 9.840736
-4.437666 -4.366941
-7.014257 -9.755839
-2.740531 -3.603670
-8.539025 2.833024
2.102973 3.555764
-4.248429 -6.924688
-6.319664 -0.997424
4.520064 -4.215110
6.009941 0.341031
-8.147885 3.064275
0.655497 7.238299
-3.578570 -9.255381
-3.888630 -1.458527
-8.751211 -6.720432
8.231962 6.930999
-3.810995 0.421930
-0.258897 -2.492622
-3.420650 6.462489
-8.530669 -3.977999
-2.971351 -1.145845
-5.630143 3.303828
-6.559055 3.211426
0.487775 3.396012
5.509737 -4.064202
7.988240 8.523976
-3.207342 -5.718046
-6.087541 2.582386
-4.092375 9.393301
-9.702052 -4.834902
-0.143692 2.550272
6.211725 -5.217108
9.022212 -5.371458
3.675005 -5.341381
-5.015113 4.841286
7.794376 -4.125255
7.902757 -5.947177
1.687091 -6.799890
-2.666687 2.175622
6.930900 9.944839
6.579254 -3.820077
-5.505544 3.909688
-3.262566 -9.813754
-3.210053 5.260509
-0.575131 4.884640
-0.309389 4.544757
4.321232 9.689114
0.524923 -8.626789
3.784187 -5.731866
-1.991096 -9.143784
-4.998293 7.680288
4.929468 -5.156732
-6.057209 8.437134
-0.851842 -6.877575
-9.934945 4.762627
1.059125 -0.887685
-5.362947 -6.693050
4.317200 -5.329061
-3.832945 -9.720088
-0.827955 2.293330
2.665480 -5.573663
-4.902597 -5.959386
-7.281896 -6.099064
1.651424 -4.673090
8.953149 -3.120830
9.442926 -0.222981
-2.268741 9.996795
-8.576491 2.006355
-4.867195 -7.369792
-0.478251 8.318661
-2.262198 9.359247
6.066953 -2.410910
9.702895 9.547467
1.477084 6.723352
-8.861099 3.722356
2.495595 -6.624917
9.326035 -4.178475
-3.657492 0.882162
-2.874144 -2.618060
7.563148 -5.707885
1.004306 -7.441614
-6.555427 2.982763
-9.951562 9.443372
-2.552714 0.440772
8.755100 3.641792
2.920888 -9.768858
2.498782 -8.436664
-2.123182 -9.229206
2.917987 5.658849
-7.050695 -5.611602
-2.539241 -3.250853
-2.683158 3.623025
-5.682166 6.041868
-1.310851 -4.569215
-1.710283 -9.978943
-6.549880 4.900646
-1.178074 -9.199312
3.246791 0.977837
-5.582998 0.915759
-7.076566 3.586861
-0.989134 -4.571259
-0.988573 -5.645942
7.320617 -5.148768
-5.374440 3.155457
-7.638850 9.479976
0.131539 4.836725
5.642508 -1.474552
0.196582 -2.724889
6.709694 9.328962
-8.839228 -8.148794
-2.622888 8.645218
-9.042870 3.299909
3.411725 3.390187
-9.472057 -9.986891
-8.605836 7.506893
8.695378 -0.184844
9.274910 0.110555
-2.533659 6.352381
7.015614 1.750691
3.517403 -2.688126
-6.341693 4.285933
-8.851188 -2.255406
1.757582 6.875603
2.068500 -5.185788
-4.487084 -7.524727
-6.154381 9.546143
-0.354637 9.854637
-6.280075 7.200359
-4.295792 -4.092931
-3.180046 0.154663
1.148162 6.699770
-2.627189 -4.991341
3.817075 -7.193561
-0.681327 4.955427
7.508560 9.719038
3.937520 1.749361
8.815985 4.573967
-6.488484 8.312239
4.298023 7.227540
5.619486 2.274345
-8.753292 9.741061
-0.442873 1.026646
-5.656775 9.162545
-2.655003 4.047410
5.593120 -6.859578
2.230217 -5.114460
-2.730227 9.983411
-9.003844 8.275597
-6.217727 1.460267
9.477621 2.707096
1.896877 -9.649435
-8.079325 8.658460
-5.443944 -0.884261
0.605363 -5.224599
-8.378491 3.359248
-8.666960 -5.894317
5.853906 5.511350
8.859926 5.391218
-0.463639 7.326068
-5.981124 5.440027
-4.565699 3.053029
-6.619900 3.752344
-7.345058 1.387439
-0.727023 9.835979
-3.524892 3.625065
-7.007259 -7.545005
2.234072 -0.507720
4.842606 5.703905
-7.282102 -3.294476
-8.842340 6.349486
-8.039616 6.796819
-5.834553 -2.910497
2.468523 -9.741768
-2.181800 1.470573
8.733537 8.242267
-3.391015 -9.862984
9.500795 3.375909
8.480738 3.911016
-8.323363 5.814294
-5.103366 -3.072965
3.623432 -5.208824
0.639626 -6.875159
-5.293288 -5.387804
-1.484826 -9.952074
-2.509860 8.389220
-9.092942 -0.867749
-7.168582 3.548399
4.075071 1.978397
-7.407013 -3.135020
-2.693669 3.424155
9.407158 7.144995
5.586937 -2.340164
-3.661103 -1.864819
5.592575 7.226065
0.549830 6.685151
-7.660478 -3.536844
9.746817 -5.529921
7.770780 -2.718752
-9.536448 3.730603
8.195864 6.080978
-8.832656 4.416174
6.656700 -0.754872
-5.107009 4.468325
-6.067210 -3.609178
-8.133459 -4.292251
4.304759 -1.414293
-2.795170 -7.404166
2.707553 9.260145
1.609598 -2.165679
7.693152 6.433958
6.224518 3.846473
7.239220 -3.884005
-9.065844 5.731551
-5.746386 0.644251
5.900242 7.576171
1.879268 -8.463726
-2.493880 -0.106975
-0.275631 -0.450016
0.158446 5.916023
-8.206486 -2.116862
4.634157 7.437762
0.366194 3.802563
1.003563 7.516013
-4.659080 -5.124457
7.052387 7.112905
3.012805 -9.651004
-4.455719 -7.878531
4.007754 -1.281735
-4.394015 6.237911
-2.217664 -8.339222
-3.829282 7.396975
-6.885425 -9.661814
-7.718676 3.353426
5.718328 -8.341074
3.704215 7.808827
-4.237858 5.016988
-3.485621 9.923042
-2.332825 6.350914
-8.059513 -2.730260
-3.227557 -8.757636
8.115166 1.526490
-4.088023 9.879647
2.001662 -8.832665
-5.207489 2.343296
5.963170 5.039850
-0.363702 4.486561
2.377676 0.281114
9.539189 -6.749460
-2.008115 -8.120628
1.612752 -4.953201
9.215145 2.362764
3.939683 -0.968425
8.755177 -5.967058
-0.509912 -1.854926
-6.149953 4.724662
1.229678 8.717263
-2.058653 1.381120
1.284226 8.671837
-5.696530 -7.805456
-7.817424 5.024739
2.533938 -9.702853
-1.314817 6.381528
-0.792665 2.353037
9.091165 5.279314
-4.259580 2.372696
1.455654 6.927250
6.863188 -2.172932
5.920929 2.168635
4.182088 7.792362
-5.903032 7.588961
-3.948928 2.516401
9.730369 -1.923378
-8.136483 0.599526
7.281258 1.933743
4.025948 7.794265
6.929127 4.752319
3.983057 2.124883
-4.158326 -9.069282
8.781309 -3.398026
-6.427665 -6.544760
9.895295 4.147963
-3.146210 -4.917677
-4.763201 9.285287
9.920558 -5.691244
1.923419 -7.494498
-1.446095 -8.558345
-9.054066 -1.777793
6.256438 -7.240693
6.465863 2.030790
1.258366 8.001135
-6.932343 -0.787303
-8.779652 -6.235044
-4.863986 2.765102
8.499188 6.780213
8.594870 4.207258
8.995648 -1.122706
8.149613 2.991274
5.227035 0.173405
-5.805302 -9.819709
-6.560740 5.657357
-8.314594 2.461937
8.293031 -0.710008
-3.495765 -1.979057
2.294480 4.508380